fILNTUWpyZ
4606 OF 23426 ARE UNSOLVABLE
[11,31,22, i=58]
[11,31,64, i=80]
[11,31,76, i=99]
[11,41,93, i=123]
[11,41,44, i=127]
[11,41,56, i=146]
[11,51,13, i=163]
[11,51,53, i=167]
[11,51,73, i=169]
[11,51,14, i=172]
[11,51,74, i=178]
[11,51,46, i=193]
[11,51,56, i=194]
[11,51,66, i=195]
[11,61,53, i=214]
[11,61,63, i=215]
[11,61,64, i=224]
[11,61,94, i=227]
[11,61,36, i=239]
[11,61,56, i=241]
[11,71,32, i=249]
[11,71,93, i=264]
[11,71,44, i=268]
[11,71,46, i=286]
[11,81,72, i=298]
[11,81,92, i=300]
[11,22,13, i=430]
[11,22,33, i=432]
[11,22,14, i=439]
[11,22,64, i=444]
[11,32,43, i=474]
[11,42,62, i=507]
[11,42,72, i=508]
[11,42,33, i=513]
[11,42,53, i=515]
[11,42,63, i=516]
[11,42,24, i=521]
[11,42,15, i=529]
[11,42,35, i=531]
[11,52,34, i=561]
[11,72,83, i=632]
[11,72,93, i=633]
[11,72,64, i=639]
[11,72,65, i=648]
[11,82,83, i=668]
[11,92,65, i=719]
[11,13,63, i=735]
[11,13,94, i=747]
[11,13,46, i=760]
[11,33,53, i=799]
[11,33,14, i=804]
[11,33,64, i=809]
[11,33,56, i=826]
[11,43,53, i=830]
[11,43,54, i=839]
[11,43,64, i=840]
[11,43,74, i=841]
[11,43,35, i=846]
[11,43,85, i=851]
[11,43,46, i=856]
[11,43,76, i=859]
[11,53,64, i=870]
[11,63,34, i=896]
[11,63,36, i=914]
[11,63,66, i=917]
[11,73,83, i=920]
[11,73,14, i=922]
[11,73,44, i=925]
[11,73,55, i=935]
[11,83,65, i=963]
[11,93,34, i=977]
[11,93,74, i=981]
[11,93,85, i=991]
[11,93,56, i=997]
[11,14,35, i=1011]
[11,14,36, i=1020]
[11,14,66, i=1023]
[11,24,34, i=1026]
[11,24,25, i=1034]
[11,24,35, i=1035]
[11,34,56, i=1069]
[11,44,94, i=1077]
[11,44,65, i=1083]
[11,44,46, i=1090]
[11,54,64, i=1095]
[11,54,74, i=1096]
[11,54,65, i=1104]
[11,54,46, i=1111]
[11,54,56, i=1112]
[11,64,75, i=1125]
[11,74,65, i=1143]
[11,74,85, i=1145]
[11,94,85, i=1180]
[11,94,56, i=1186]
[11,15,26, i=1199]
[11,35,65, i=1223]
[11,35,26, i=1228]
[11,45,65, i=1236]
[11,75,36, i=1275]
[11,85,76, i=1288]
[21,31,12, i=1332]
[21,31,36, i=1370]
[21,41,12, i=1381]
[21,41,32, i=1383]
[21,41,23, i=1391]
[21,41,43, i=1393]
[21,41,93, i=1398]
[21,41,24, i=1400]
[21,41,46, i=1420]
[21,41,56, i=1421]
[21,41,66, i=1422]
[21,51,12, i=1429]
[21,51,22, i=1430]
[21,51,62, i=1434]
[21,51,43, i=1441]
[21,51,63, i=1443]
[21,51,83, i=1445]
[21,51,93, i=1446]
[21,51,14, i=1447]
[21,51,74, i=1453]
[21,51,15, i=1456]
[21,51,35, i=1458]
[21,51,65, i=1461]
[21,51,46, i=1468]
[21,51,56, i=1469]
[21,51,66, i=1470]
[21,61,12, i=1476]
[21,61,52, i=1480]
[21,61,72, i=1482]
[21,61,92, i=1484]
[21,61,43, i=1488]
[21,61,63, i=1490]
[21,61,93, i=1493]
[21,61,14, i=1494]
[21,61,44, i=1497]
[21,61,74, i=1500]
[21,61,94, i=1502]
[21,61,55, i=1507]
[21,61,95, i=1511]
[21,61,46, i=1515]
[21,61,56, i=1516]
[21,61,66, i=1517]
[21,71,12, i=1522]
[21,71,22, i=1523]
[21,71,32, i=1524]
[21,71,43, i=1534]
[21,71,83, i=1538]
[21,71,36, i=1560]
[21,71,46, i=1561]
[21,81,12, i=1567]
[21,81,92, i=1575]
[21,81,43, i=1579]
[21,81,14, i=1585]
[21,81,44, i=1588]
[21,91,12, i=1611]
[21,12,22, i=1655]
[21,12,32, i=1656]
[21,12,42, i=1657]
[21,12,52, i=1658]
[21,12,62, i=1659]
[21,12,72, i=1660]
[21,12,82, i=1661]
[21,12,92, i=1662]
[21,12,13, i=1663]
[21,12,23, i=1664]
[21,12,33, i=1665]
[21,12,43, i=1666]
[21,12,53, i=1667]
[21,12,63, i=1668]
[21,12,73, i=1669]
[21,12,83, i=1670]
[21,12,93, i=1671]
[21,12,14, i=1672]
[21,12,24, i=1673]
[21,12,34, i=1674]
[21,12,44, i=1675]
[21,12,54, i=1676]
[21,12,64, i=1677]
[21,12,74, i=1678]
[21,12,84, i=1679]
[21,12,94, i=1680]
[21,12,15, i=1681]
[21,12,25, i=1682]
[21,12,35, i=1683]
[21,12,45, i=1684]
[21,12,55, i=1685]
[21,12,65, i=1686]
[21,12,75, i=1687]
[21,12,85, i=1688]
[21,12,95, i=1689]
[21,12,16, i=1690]
[21,12,26, i=1691]
[21,12,36, i=1692]
[21,12,46, i=1693]
[21,12,56, i=1694]
[21,12,66, i=1695]
[21,12,76, i=1696]
[21,12,86, i=1697]
[21,22,62, i=1701]
[21,22,72, i=1702]
[21,22,13, i=1705]
[21,22,33, i=1707]
[21,22,93, i=1713]
[21,22,14, i=1714]
[21,22,34, i=1716]
[21,22,54, i=1718]
[21,22,74, i=1720]
[21,22,15, i=1723]
[21,22,25, i=1724]
[21,22,55, i=1727]
[21,22,85, i=1730]
[21,22,66, i=1737]
[21,32,33, i=1748]
[21,32,43, i=1749]
[21,32,83, i=1753]
[21,32,93, i=1754]
[21,32,14, i=1755]
[21,32,75, i=1770]
[21,32,85, i=1771]
[21,32,56, i=1777]
[21,32,66, i=1778]
[21,42,72, i=1783]
[21,42,53, i=1790]
[21,42,65, i=1809]
[21,52,43, i=1828]
[21,52,93, i=1833]
[21,52,14, i=1834]
[21,52,45, i=1846]
[21,52,85, i=1850]
[21,52,36, i=1854]
[21,62,72, i=1860]
[21,62,13, i=1863]
[21,62,43, i=1866]
[21,62,64, i=1877]
[21,62,46, i=1893]
[21,62,86, i=1897]
[21,72,33, i=1902]
[21,72,83, i=1907]
[21,72,14, i=1909]
[21,72,24, i=1910]
[21,72,34, i=1911]
[21,72,44, i=1912]
[21,72,64, i=1914]
[21,72,94, i=1917]
[21,82,92, i=1935]
[21,82,33, i=1938]
[21,92,13, i=1971]
[21,92,43, i=1974]
[21,92,24, i=1981]
[21,92,64, i=1985]
[21,92,85, i=1996]
[21,92,36, i=2000]
[21,92,56, i=2002]
[21,13,23, i=2006]
[21,13,33, i=2007]
[21,13,43, i=2008]
[21,13,83, i=2012]
[21,13,93, i=2013]
[21,13,54, i=2018]
[21,13,74, i=2020]
[21,13,35, i=2025]
[21,13,75, i=2029]
[21,13,26, i=2033]
[21,13,46, i=2035]
[21,23,14, i=2047]
[21,23,34, i=2049]
[21,23,64, i=2052]
[21,33,43, i=2073]
[21,33,83, i=2077]
[21,33,14, i=2079]
[21,33,74, i=2085]
[21,33,76, i=2103]
[21,43,54, i=2114]
[21,43,64, i=2115]
[21,43,74, i=2116]
[21,43,94, i=2118]
[21,43,35, i=2121]
[21,43,36, i=2130]
[21,43,46, i=2131]
[21,53,83, i=2138]
[21,53,93, i=2139]
[21,53,14, i=2140]
[21,53,44, i=2143]
[21,53,64, i=2145]
[21,53,74, i=2146]
[21,53,35, i=2151]
[21,53,45, i=2152]
[21,53,36, i=2160]
[21,53,56, i=2162]
[21,63,93, i=2168]
[21,63,14, i=2169]
[21,63,74, i=2175]
[21,63,45, i=2181]
[21,63,46, i=2190]
[21,73,83, i=2195]
[21,73,14, i=2197]
[21,73,34, i=2199]
[21,73,64, i=2202]
[21,73,66, i=2220]
[21,83,93, i=2223]
[21,83,24, i=2225]
[21,83,34, i=2226]
[21,83,74, i=2230]
[21,93,54, i=2254]
[21,93,74, i=2256]
[21,93,35, i=2261]
[21,93,46, i=2271]
[21,14,74, i=2281]
[21,14,94, i=2283]
[21,14,46, i=2296]
[21,14,66, i=2298]
[21,14,86, i=2300]
[21,24,66, i=2322]
[21,34,44, i=2325]
[21,34,85, i=2338]
[21,34,56, i=2344]
[21,44,64, i=2349]
[21,44,94, i=2352]
[21,44,55, i=2357]
[21,44,46, i=2365]
[21,54,45, i=2377]
[21,54,75, i=2380]
[21,64,74, i=2391]
[21,64,15, i=2394]
[21,64,25, i=2395]
[21,64,56, i=2407]
[21,74,35, i=2415]
[21,74,75, i=2419]
[21,74,85, i=2420]
[21,84,94, i=2430]
[21,94,25, i=2449]
[21,94,85, i=2455]
[21,94,56, i=2461]
[21,15,26, i=2474]
[21,25,65, i=2484]
[21,35,55, i=2497]
[21,35,65, i=2498]
[21,35,46, i=2505]
[21,45,46, i=2518]
[21,65,26, i=2539]
[21,65,46, i=2541]
[21,65,56, i=2542]
[21,75,85, i=2546]
[21,85,46, i=2560]
[21,85,56, i=2561]
[21,85,76, i=2563]
[21,95,56, i=2569]
[21,26,66, i=2583]
[21,46,76, i=2593]
[31,41,83, i=2622]
[31,41,14, i=2624]
[31,51,61, i=2650]
[31,51,81, i=2652]
[31,51,12, i=2654]
[31,51,22, i=2655]
[31,51,32, i=2656]
[31,51,42, i=2657]
[31,51,62, i=2659]
[31,51,13, i=2663]
[31,51,23, i=2664]
[31,51,53, i=2667]
[31,51,34, i=2674]
[31,51,54, i=2676]
[31,51,64, i=2677]
[31,51,74, i=2678]
[31,51,15, i=2681]
[31,51,25, i=2682]
[31,51,55, i=2685]
[31,51,65, i=2686]
[31,51,36, i=2692]
[31,51,46, i=2693]
[31,61,52, i=2705]
[31,61,62, i=2706]
[31,61,72, i=2707]
[31,61,92, i=2709]
[31,61,13, i=2710]
[31,61,33, i=2712]
[31,61,43, i=2713]
[31,61,53, i=2714]
[31,61,63, i=2715]
[31,61,14, i=2719]
[31,61,44, i=2722]
[31,61,54, i=2723]
[31,61,94, i=2727]
[31,61,45, i=2731]
[31,61,55, i=2732]
[31,61,85, i=2735]
[31,61,36, i=2739]
[31,61,66, i=2742]
[31,71,52, i=2751]
[31,71,72, i=2753]
[31,71,13, i=2756]
[31,71,23, i=2757]
[31,71,53, i=2760]
[31,71,83, i=2763]
[31,71,93, i=2764]
[31,71,14, i=2765]
[31,71,44, i=2768]
[31,71,54, i=2769]
[31,71,84, i=2772]
[31,71,15, i=2774]
[31,71,65, i=2779]
[31,71,85, i=2781]
[31,71,56, i=2787]
[31,81,92, i=2800]
[31,81,13, i=2801]
[31,81,63, i=2806]
[31,81,14, i=2810]
[31,81,85, i=2826]
[31,81,66, i=2833]
[31,91,42, i=2839]
[31,91,14, i=2854]
[31,91,36, i=2874]
[31,12,22, i=2880]
[31,12,73, i=2894]
[31,22,32, i=2923]
[31,22,42, i=2924]
[31,22,62, i=2926]
[31,22,72, i=2927]
[31,22,92, i=2929]
[31,22,13, i=2930]
[31,22,23, i=2931]
[31,22,33, i=2932]
[31,22,63, i=2935]
[31,22,73, i=2936]
[31,22,93, i=2938]
[31,22,34, i=2941]
[31,22,44, i=2942]
[31,22,64, i=2944]
[31,22,74, i=2945]
[31,22,84, i=2946]
[31,22,15, i=2948]
[31,22,25, i=2949]
[31,22,45, i=2951]
[31,22,55, i=2952]
[31,22,85, i=2955]
[31,22,95, i=2956]
[31,22,26, i=2958]
[31,22,36, i=2959]
[31,22,46, i=2960]
[31,22,66, i=2962]
[31,22,76, i=2963]
[31,22,86, i=2964]
[31,32,42, i=2965]
[31,32,72, i=2968]
[31,32,92, i=2970]
[31,32,23, i=2972]
[31,32,33, i=2973]
[31,32,53, i=2975]
[31,32,73, i=2977]
[31,32,93, i=2979]
[31,32,14, i=2980]
[31,32,34, i=2982]
[31,32,44, i=2983]
[31,32,54, i=2984]
[31,32,64, i=2985]
[31,32,15, i=2989]
[31,32,45, i=2992]
[31,32,65, i=2994]
[31,32,56, i=3002]
[31,32,86, i=3005]
[31,42,13, i=3011]
[31,42,33, i=3013]
[31,42,43, i=3014]
[31,42,53, i=3015]
[31,42,83, i=3018]
[31,42,34, i=3022]
[31,42,54, i=3024]
[31,42,84, i=3027]
[31,42,15, i=3029]
[31,42,65, i=3034]
[31,42,16, i=3038]
[31,42,46, i=3041]
[31,42,56, i=3042]
[31,42,86, i=3045]
[31,52,92, i=3049]
[31,52,13, i=3050]
[31,52,23, i=3051]
[31,52,33, i=3052]
[31,52,93, i=3058]
[31,52,14, i=3059]
[31,52,44, i=3062]
[31,52,15, i=3068]
[31,52,65, i=3073]
[31,52,36, i=3079]
[31,52,46, i=3080]
[31,52,66, i=3082]
[31,62,72, i=3085]
[31,62,92, i=3087]
[31,62,23, i=3089]
[31,62,33, i=3090]
[31,62,53, i=3092]
[31,62,63, i=3093]
[31,62,83, i=3095]
[31,62,44, i=3100]
[31,62,74, i=3103]
[31,62,94, i=3105]
[31,62,25, i=3107]
[31,62,45, i=3109]
[31,62,65, i=3111]
[31,62,85, i=3113]
[31,62,56, i=3119]
[31,72,13, i=3125]
[31,72,33, i=3127]
[31,72,53, i=3129]
[31,72,73, i=3131]
[31,72,83, i=3132]
[31,72,14, i=3134]
[31,72,64, i=3139]
[31,72,74, i=3140]
[31,72,84, i=3141]
[31,72,94, i=3142]
[31,72,15, i=3143]
[31,72,36, i=3154]
[31,72,66, i=3157]
[31,82,92, i=3160]
[31,82,13, i=3161]
[31,82,64, i=3175]
[31,82,45, i=3182]
[31,92,13, i=3196]
[31,92,23, i=3197]
[31,92,74, i=3211]
[31,92,25, i=3215]
[31,92,45, i=3217]
[31,92,46, i=3226]
[31,13,23, i=3231]
[31,13,33, i=3232]
[31,13,43, i=3233]
[31,13,83, i=3237]
[31,13,93, i=3238]
[31,13,24, i=3240]
[31,13,34, i=3241]
[31,13,44, i=3242]
[31,13,64, i=3244]
[31,13,84, i=3246]
[31,13,94, i=3247]
[31,13,15, i=3248]
[31,13,25, i=3249]
[31,13,45, i=3251]
[31,13,55, i=3252]
[31,13,65, i=3253]
[31,13,85, i=3255]
[31,13,95, i=3256]
[31,13,36, i=3259]
[31,13,46, i=3260]
[31,13,66, i=3262]
[31,13,86, i=3264]
[31,23,53, i=3267]
[31,23,83, i=3270]
[31,23,93, i=3271]
[31,23,14, i=3272]
[31,23,34, i=3274]
[31,23,54, i=3276]
[31,23,74, i=3278]
[31,23,94, i=3280]
[31,23,65, i=3286]
[31,23,36, i=3292]
[31,23,76, i=3296]
[31,33,53, i=3299]
[31,33,63, i=3300]
[31,33,83, i=3302]
[31,33,14, i=3304]
[31,33,24, i=3305]
[31,33,34, i=3306]
[31,33,35, i=3315]
[31,33,65, i=3318]
[31,33,85, i=3320]
[31,33,26, i=3323]
[31,33,36, i=3324]
[31,33,56, i=3326]
[31,43,53, i=3330]
[31,43,63, i=3331]
[31,43,83, i=3333]
[31,43,93, i=3334]
[31,43,34, i=3337]
[31,43,54, i=3339]
[31,43,84, i=3342]
[31,43,94, i=3343]
[31,43,15, i=3344]
[31,43,45, i=3347]
[31,43,65, i=3349]
[31,43,75, i=3350]
[31,53,83, i=3363]
[31,53,93, i=3364]
[31,53,14, i=3365]
[31,53,24, i=3366]
[31,53,34, i=3367]
[31,53,44, i=3368]
[31,53,54, i=3369]
[31,53,94, i=3373]
[31,53,15, i=3374]
[31,53,75, i=3380]
[31,53,85, i=3381]
[31,53,66, i=3388]
[31,53,76, i=3389]
[31,53,86, i=3390]
[31,63,83, i=3392]
[31,63,64, i=3399]
[31,63,74, i=3400]
[31,63,94, i=3402]
[31,63,15, i=3403]
[31,63,25, i=3404]
[31,63,55, i=3407]
[31,63,65, i=3408]
[31,63,85, i=3410]
[31,73,83, i=3420]
[31,73,14, i=3422]
[31,73,34, i=3424]
[31,73,54, i=3426]
[31,73,74, i=3428]
[31,73,95, i=3439]
[31,73,56, i=3444]
[31,83,24, i=3450]
[31,83,44, i=3452]
[31,83,54, i=3453]
[31,83,64, i=3454]
[31,83,74, i=3455]
[31,83,45, i=3461]
[31,83,85, i=3465]
[31,83,16, i=3467]
[31,83,36, i=3469]
[31,83,66, i=3472]
[31,93,34, i=3477]
[31,93,54, i=3479]
[31,93,74, i=3481]
[31,93,15, i=3484]
[31,93,45, i=3487]
[31,93,75, i=3490]
[31,93,26, i=3494]
[31,93,46, i=3496]
[31,93,86, i=3500]
[31,14,64, i=3505]
[31,14,74, i=3506]
[31,14,84, i=3507]
[31,14,94, i=3508]
[31,14,35, i=3511]
[31,14,45, i=3512]
[31,14,65, i=3514]
[31,14,95, i=3517]
[31,14,36, i=3520]
[31,14,46, i=3521]
[31,14,56, i=3522]
[31,14,66, i=3523]
[31,14,76, i=3524]
[31,24,15, i=3533]
[31,24,85, i=3540]
[31,24,46, i=3545]
[31,24,56, i=3546]
[31,34,44, i=3550]
[31,34,74, i=3553]
[31,34,65, i=3561]
[31,34,95, i=3564]
[31,34,66, i=3570]
[31,34,76, i=3571]
[31,44,94, i=3577]
[31,54,15, i=3599]
[31,54,36, i=3610]
[31,54,46, i=3611]
[31,54,76, i=3614]
[31,64,15, i=3619]
[31,64,36, i=3630]
[31,64,56, i=3632]
[31,64,86, i=3635]
[31,74,15, i=3638]
[31,74,25, i=3639]
[31,74,35, i=3640]
[31,74,85, i=3645]
[31,74,36, i=3649]
[31,74,46, i=3650]
[31,84,25, i=3657]
[31,84,85, i=3663]
[31,84,36, i=3667]
[31,94,85, i=3680]
[31,94,36, i=3684]
[31,15,55, i=3693]
[31,15,65, i=3694]
[31,15,26, i=3699]
[31,15,46, i=3701]
[31,15,56, i=3702]
[31,15,66, i=3703]
[31,25,35, i=3706]
[31,25,85, i=3711]
[31,25,56, i=3717]
[31,35,26, i=3728]
[31,45,26, i=3741]
[31,45,56, i=3744]
[31,55,65, i=3748]
[31,55,46, i=3755]
[31,55,66, i=3757]
[31,65,85, i=3761]
[31,65,56, i=3767]
[31,75,85, i=3771]
[31,75,56, i=3777]
[31,75,76, i=3779]
[31,85,16, i=3782]
[31,85,46, i=3785]
[31,85,76, i=3788]
[31,26,46, i=3806]
[31,56,76, i=3821]
[41,51,32, i=3832]
[41,51,55, i=3861]
[41,51,85, i=3864]
[41,61,12, i=3877]
[41,61,42, i=3880]
[41,61,52, i=3881]
[41,61,72, i=3883]
[41,61,13, i=3886]
[41,61,23, i=3887]
[41,61,43, i=3889]
[41,61,83, i=3893]
[41,61,14, i=3895]
[41,61,44, i=3898]
[41,61,74, i=3901]
[41,61,84, i=3902]
[41,61,45, i=3907]
[41,61,36, i=3915]
[41,61,56, i=3917]
[41,61,66, i=3918]
[41,61,86, i=3920]
[41,71,32, i=3925]
[41,71,62, i=3928]
[41,71,72, i=3929]
[41,71,93, i=3940]
[41,71,14, i=3941]
[41,71,15, i=3950]
[41,71,35, i=3952]
[41,71,55, i=3954]
[41,71,85, i=3957]
[41,71,36, i=3961]
[41,81,72, i=3974]
[41,81,92, i=3976]
[41,81,33, i=3979]
[41,81,63, i=3982]
[41,81,24, i=3987]
[41,81,44, i=3989]
[41,81,84, i=3993]
[41,81,25, i=3996]
[41,81,45, i=3998]
[41,81,46, i=4007]
[41,91,13, i=4021]
[41,91,14, i=4030]
[41,91,36, i=4050]
[41,12,23, i=4065]
[41,12,33, i=4066]
[41,12,43, i=4067]
[41,12,93, i=4072]
[41,12,56, i=4095]
[41,22,32, i=4099]
[41,22,43, i=4109]
[41,22,34, i=4117]
[41,22,74, i=4121]
[41,22,56, i=4137]
[41,32,52, i=4142]
[41,32,92, i=4146]
[41,32,23, i=4148]
[41,32,33, i=4149]
[41,32,43, i=4150]
[41,32,73, i=4153]
[41,32,14, i=4156]
[41,32,34, i=4158]
[41,32,74, i=4162]
[41,32,45, i=4168]
[41,32,55, i=4169]
[41,32,16, i=4174]
[41,32,26, i=4175]
[41,32,36, i=4176]
[41,32,56, i=4178]
[41,32,76, i=4180]
[41,42,13, i=4187]
[41,42,23, i=4188]
[41,42,33, i=4189]
[41,42,43, i=4190]
[41,42,53, i=4191]
[41,42,94, i=4204]
[41,42,15, i=4205]
[41,42,85, i=4212]
[41,42,46, i=4217]
[41,42,56, i=4218]
[41,52,72, i=4223]
[41,52,82, i=4224]
[41,52,13, i=4226]
[41,52,23, i=4227]
[41,52,33, i=4228]
[41,52,43, i=4229]
[41,52,63, i=4231]
[41,52,14, i=4235]
[41,52,34, i=4237]
[41,52,54, i=4239]
[41,52,74, i=4241]
[41,52,94, i=4243]
[41,52,25, i=4245]
[41,52,35, i=4246]
[41,52,16, i=4253]
[41,62,23, i=4265]
[41,62,63, i=4269]
[41,62,65, i=4287]
[41,62,46, i=4294]
[41,72,33, i=4303]
[41,72,63, i=4306]
[41,72,93, i=4309]
[41,72,65, i=4324]
[41,82,23, i=4338]
[41,92,73, i=4378]
[41,92,83, i=4379]
[41,92,44, i=4384]
[41,92,85, i=4397]
[41,92,36, i=4401]
[41,92,56, i=4403]
[41,13,63, i=4411]
[41,13,93, i=4414]
[41,13,24, i=4416]
[41,13,44, i=4418]
[41,13,94, i=4423]
[41,13,25, i=4425]
[41,13,56, i=4437]
[41,23,33, i=4441]
[41,23,43, i=4442]
[41,23,73, i=4445]
[41,23,14, i=4448]
[41,23,34, i=4450]
[41,23,44, i=4451]
[41,23,64, i=4453]
[41,23,94, i=4456]
[41,23,25, i=4458]
[41,23,36, i=4468]
[41,23,76, i=4472]
[41,33,43, i=4474]
[41,33,53, i=4475]
[41,33,63, i=4476]
[41,33,93, i=4479]
[41,33,44, i=4483]
[41,33,64, i=4485]
[41,33,15, i=4489]
[41,33,25, i=4490]
[41,33,35, i=4491]
[41,33,55, i=4493]
[41,33,75, i=4495]
[41,33,85, i=4496]
[41,33,26, i=4499]
[41,33,56, i=4502]
[41,33,76, i=4504]
[41,33,86, i=4505]
[41,43,14, i=4511]
[41,43,54, i=4515]
[41,43,65, i=4525]
[41,43,36, i=4531]
[41,43,46, i=4532]
[41,43,56, i=4533]
[41,53,34, i=4543]
[41,53,94, i=4549]
[41,53,25, i=4551]
[41,53,65, i=4555]
[41,53,46, i=4562]
[41,53,56, i=4563]
[41,53,76, i=4565]
[41,63,54, i=4574]
[41,63,25, i=4580]
[41,63,35, i=4581]
[41,63,45, i=4582]
[41,63,55, i=4583]
[41,63,56, i=4592]
[41,73,14, i=4598]
[41,73,44, i=4601]
[41,73,55, i=4611]
[41,73,85, i=4614]
[41,83,14, i=4625]
[41,83,44, i=4628]
[41,83,74, i=4631]
[41,83,94, i=4633]
[41,83,56, i=4647]
[41,93,44, i=4654]
[41,93,75, i=4666]
[41,93,36, i=4671]
[41,14,34, i=4678]
[41,14,54, i=4680]
[41,14,64, i=4681]
[41,14,74, i=4682]
[41,14,84, i=4683]
[41,14,94, i=4684]
[41,14,25, i=4686]
[41,14,35, i=4687]
[41,14,45, i=4688]
[41,14,65, i=4690]
[41,14,36, i=4696]
[41,14,46, i=4697]
[41,14,56, i=4698]
[41,24,44, i=4703]
[41,24,74, i=4706]
[41,24,84, i=4707]
[41,24,15, i=4709]
[41,24,46, i=4721]
[41,24,56, i=4722]
[41,24,66, i=4723]
[41,34,54, i=4727]
[41,34,74, i=4729]
[41,34,84, i=4730]
[41,34,25, i=4733]
[41,34,35, i=4734]
[41,44,64, i=4750]
[41,44,74, i=4751]
[41,44,25, i=4755]
[41,44,35, i=4756]
[41,44,65, i=4759]
[41,44,36, i=4765]
[41,44,56, i=4767]
[41,44,76, i=4769]
[41,54,74, i=4772]
[41,54,15, i=4775]
[41,54,55, i=4779]
[41,54,65, i=4780]
[41,54,85, i=4782]
[41,54,16, i=4784]
[41,54,46, i=4787]
[41,54,56, i=4788]
[41,54,66, i=4789]
[41,64,74, i=4792]
[41,64,36, i=4806]
[41,64,46, i=4807]
[41,74,35, i=4816]
[41,74,45, i=4817]
[41,74,65, i=4819]
[41,74,85, i=4821]
[41,74,66, i=4828]
[41,84,35, i=4834]
[41,84,95, i=4840]
[41,84,36, i=4843]
[41,94,15, i=4849]
[41,94,55, i=4853]
[41,94,65, i=4854]
[41,94,85, i=4856]
[41,94,46, i=4861]
[41,94,56, i=4862]
[41,15,26, i=4875]
[41,15,36, i=4876]
[41,25,55, i=4884]
[41,25,65, i=4885]
[41,35,36, i=4905]
[41,35,46, i=4906]
[41,45,36, i=4918]
[41,45,46, i=4919]
[41,55,65, i=4924]
[41,55,85, i=4926]
[41,55,46, i=4931]
[41,55,56, i=4932]
[41,55,66, i=4933]
[41,65,76, i=4945]
[41,75,46, i=4952]
[41,75,56, i=4953]
[41,85,46, i=4961]
[41,85,56, i=4962]
[41,85,76, i=4964]
[41,26,66, i=4984]
[41,36,46, i=4987]
[41,36,56, i=4988]
[41,36,76, i=4990]
[41,46,66, i=4993]
[41,46,76, i=4994]
[41,46,86, i=4995]
[41,56,76, i=4997]
[51,61,22, i=5006]
[51,61,32, i=5007]
[51,61,72, i=5011]
[51,61,73, i=5020]
[51,61,54, i=5027]
[51,61,74, i=5029]
[51,61,36, i=5043]
[51,61,56, i=5045]
[51,61,66, i=5046]
[51,71,12, i=5051]
[51,71,42, i=5054]
[51,71,52, i=5055]
[51,71,62, i=5056]
[51,71,72, i=5057]
[51,71,82, i=5058]
[51,71,92, i=5059]
[51,71,33, i=5062]
[51,71,43, i=5063]
[51,71,63, i=5065]
[51,71,93, i=5068]
[51,71,24, i=5070]
[51,71,34, i=5071]
[51,71,15, i=5078]
[51,71,85, i=5085]
[51,71,36, i=5089]
[51,71,76, i=5093]
[51,81,12, i=5096]
[51,81,72, i=5102]
[51,81,92, i=5104]
[51,81,43, i=5108]
[51,81,63, i=5110]
[51,81,93, i=5113]
[51,81,65, i=5128]
[51,91,43, i=5152]
[51,91,63, i=5154]
[51,91,73, i=5155]
[51,91,14, i=5158]
[51,91,74, i=5164]
[51,91,75, i=5173]
[51,91,56, i=5180]
[51,12,42, i=5186]
[51,12,62, i=5188]
[51,12,33, i=5194]
[51,12,53, i=5196]
[51,12,63, i=5197]
[51,12,15, i=5210]
[51,12,55, i=5214]
[51,12,85, i=5217]
[51,12,46, i=5222]
[51,12,56, i=5223]
[51,12,66, i=5224]
[51,22,32, i=5227]
[51,22,92, i=5233]
[51,22,63, i=5239]
[51,22,34, i=5245]
[51,22,15, i=5252]
[51,22,65, i=5257]
[51,22,46, i=5264]
[51,22,56, i=5265]
[51,32,62, i=5271]
[51,32,23, i=5276]
[51,32,14, i=5284]
[51,32,44, i=5287]
[51,32,35, i=5295]
[51,32,85, i=5300]
[51,42,62, i=5311]
[51,42,92, i=5314]
[51,42,33, i=5317]
[51,42,43, i=5318]
[51,42,53, i=5319]
[51,42,73, i=5321]
[51,42,93, i=5323]
[51,42,54, i=5328]
[51,42,64, i=5329]
[51,42,74, i=5330]
[51,42,84, i=5331]
[51,42,94, i=5332]
[51,42,35, i=5335]
[51,42,55, i=5337]
[51,42,65, i=5338]
[51,42,85, i=5340]
[51,42,16, i=5342]
[51,42,46, i=5345]
[51,42,56, i=5346]
[51,42,76, i=5348]
[51,52,13, i=5354]
[51,52,53, i=5358]
[51,52,63, i=5359]
[51,52,14, i=5363]
[51,52,54, i=5367]
[51,52,94, i=5371]
[51,52,55, i=5376]
[51,52,65, i=5377]
[51,52,46, i=5384]
[51,62,72, i=5389]
[51,62,13, i=5392]
[51,62,43, i=5395]
[51,62,53, i=5396]
[51,62,73, i=5398]
[51,62,83, i=5399]
[51,62,24, i=5402]
[51,62,64, i=5406]
[51,62,74, i=5407]
[51,62,84, i=5408]
[51,62,15, i=5410]
[51,62,25, i=5411]
[51,62,35, i=5412]
[51,62,65, i=5415]
[51,62,85, i=5417]
[51,62,26, i=5420]
[51,62,46, i=5422]
[51,62,66, i=5424]
[51,72,83, i=5436]
[51,72,93, i=5437]
[51,72,14, i=5438]
[51,72,54, i=5442]
[51,72,74, i=5444]
[51,72,94, i=5446]
[51,72,55, i=5451]
[51,72,76, i=5462]
[51,82,33, i=5467]
[51,82,93, i=5473]
[51,82,14, i=5474]
[51,82,85, i=5490]
[51,82,66, i=5497]
[51,92,83, i=5507]
[51,92,15, i=5518]
[51,92,85, i=5525]
[51,92,56, i=5531]
[51,13,33, i=5536]
[51,13,43, i=5537]
[51,13,63, i=5539]
[51,13,83, i=5541]
[51,13,34, i=5545]
[51,13,54, i=5547]
[51,13,64, i=5548]
[51,13,94, i=5551]
[51,13,36, i=5563]
[51,13,46, i=5564]
[51,23,33, i=5569]
[51,23,63, i=5572]
[51,23,83, i=5574]
[51,23,34, i=5578]
[51,23,54, i=5580]
[51,23,65, i=5590]
[51,23,26, i=5595]
[51,23,36, i=5596]
[51,33,83, i=5606]
[51,33,24, i=5609]
[51,33,54, i=5612]
[51,33,64, i=5613]
[51,33,45, i=5620]
[51,33,55, i=5621]
[51,33,36, i=5628]
[51,33,56, i=5630]
[51,43,53, i=5634]
[51,43,83, i=5637]
[51,43,93, i=5638]
[51,43,14, i=5639]
[51,43,34, i=5641]
[51,43,44, i=5642]
[51,43,64, i=5644]
[51,43,55, i=5652]
[51,43,65, i=5653]
[51,43,75, i=5654]
[51,43,85, i=5655]
[51,43,36, i=5659]
[51,43,46, i=5660]
[51,43,56, i=5661]
[51,43,76, i=5663]
[51,53,24, i=5670]
[51,53,34, i=5671]
[51,53,44, i=5672]
[51,53,54, i=5673]
[51,53,25, i=5679]
[51,53,45, i=5681]
[51,53,55, i=5682]
[51,53,65, i=5683]
[51,53,75, i=5684]
[51,53,16, i=5687]
[51,53,26, i=5688]
[51,53,36, i=5689]
[51,53,56, i=5691]
[51,53,66, i=5692]
[51,63,73, i=5695]
[51,63,83, i=5696]
[51,63,93, i=5697]
[51,63,14, i=5698]
[51,63,24, i=5699]
[51,63,84, i=5705]
[51,63,15, i=5707]
[51,63,25, i=5708]
[51,63,45, i=5710]
[51,63,85, i=5714]
[51,63,16, i=5716]
[51,63,76, i=5722]
[51,73,83, i=5724]
[51,73,34, i=5728]
[51,73,44, i=5729]
[51,73,74, i=5732]
[51,73,84, i=5733]
[51,73,94, i=5734]
[51,73,35, i=5737]
[51,73,55, i=5739]
[51,73,65, i=5740]
[51,73,75, i=5741]
[51,73,85, i=5742]
[51,73,95, i=5743]
[51,73,16, i=5744]
[51,73,26, i=5745]
[51,73,36, i=5746]
[51,73,56, i=5748]
[51,73,66, i=5749]
[51,73,76, i=5750]
[51,83,93, i=5752]
[51,83,14, i=5753]
[51,83,24, i=5754]
[51,83,34, i=5755]
[51,83,54, i=5757]
[51,83,74, i=5759]
[51,83,94, i=5761]
[51,83,75, i=5768]
[51,83,85, i=5769]
[51,83,46, i=5774]
[51,83,56, i=5775]
[51,83,66, i=5776]
[51,83,76, i=5777]
[51,93,34, i=5781]
[51,93,44, i=5782]
[51,93,54, i=5783]
[51,93,94, i=5787]
[51,93,35, i=5790]
[51,93,45, i=5791]
[51,93,85, i=5795]
[51,93,36, i=5799]
[51,93,46, i=5800]
[51,93,66, i=5802]
[51,14,34, i=5806]
[51,14,74, i=5810]
[51,14,94, i=5812]
[51,14,25, i=5814]
[51,14,45, i=5816]
[51,14,65, i=5818]
[51,14,85, i=5820]
[51,14,36, i=5824]
[51,14,46, i=5825]
[51,14,56, i=5826]
[51,14,76, i=5828]
[51,24,54, i=5832]
[51,24,94, i=5836]
[51,24,15, i=5837]
[51,24,85, i=5844]
[51,24,46, i=5849]
[51,24,56, i=5850]
[51,24,66, i=5851]
[51,34,44, i=5854]
[51,34,45, i=5863]
[51,34,85, i=5867]
[51,34,36, i=5871]
[51,34,46, i=5872]
[51,34,56, i=5873]
[51,34,86, i=5876]
[51,44,54, i=5877]
[51,44,94, i=5881]
[51,44,25, i=5883]
[51,44,35, i=5884]
[51,44,65, i=5887]
[51,44,85, i=5889]
[51,44,46, i=5894]
[51,54,64, i=5899]
[51,54,84, i=5901]
[51,54,94, i=5902]
[51,54,75, i=5909]
[51,54,85, i=5910]
[51,54,36, i=5914]
[51,54,46, i=5915]
[51,64,45, i=5926]
[51,64,75, i=5929]
[51,64,26, i=5933]
[51,64,46, i=5935]
[51,64,66, i=5937]
[51,74,94, i=5941]
[51,74,85, i=5949]
[51,74,36, i=5953]
[51,74,46, i=5954]
[51,74,66, i=5956]
[51,74,76, i=5957]
[51,84,35, i=5962]
[51,84,65, i=5965]
[51,84,85, i=5967]
[51,84,46, i=5972]
[51,84,56, i=5973]
[51,94,15, i=5977]
[51,94,25, i=5978]
[51,94,45, i=5980]
[51,94,65, i=5982]
[51,94,85, i=5984]
[51,94,46, i=5989]
[51,94,56, i=5990]
[51,94,76, i=5992]
[51,15,25, i=5994]
[51,15,55, i=5997]
[51,15,26, i=6003]
[51,15,46, i=6005]
[51,15,66, i=6007]
[51,25,55, i=6012]
[51,25,85, i=6015]
[51,35,75, i=6028]
[51,35,85, i=6029]
[51,35,36, i=6033]
[51,35,46, i=6034]
[51,35,76, i=6037]
[51,45,65, i=6040]
[51,45,75, i=6041]
[51,45,85, i=6042]
[51,45,16, i=6044]
[51,45,36, i=6046]
[51,45,46, i=6047]
[51,55,46, i=6059]
[51,55,66, i=6061]
[51,65,85, i=6065]
[51,65,36, i=6069]
[51,65,56, i=6071]
[51,65,66, i=6072]
[51,75,85, i=6075]
[51,75,26, i=6078]
[51,75,46, i=6080]
[51,75,76, i=6083]
[51,85,26, i=6087]
[51,85,46, i=6089]
[51,85,76, i=6092]
[51,95,76, i=6100]
[51,16,56, i=6105]
[51,26,56, i=6111]
[51,26,76, i=6113]
[51,36,66, i=6117]
[51,36,76, i=6118]
[51,36,86, i=6119]
[51,46,76, i=6122]
[61,71,65, i=6164]
[61,71,85, i=6166]
[61,71,46, i=6171]
[61,81,72, i=6183]
[61,81,92, i=6185]
[61,81,83, i=6193]
[61,81,25, i=6205]
[61,81,26, i=6214]
[61,91,65, i=6253]
[61,91,66, i=6262]
[61,12,32, i=6266]
[61,12,52, i=6268]
[61,12,72, i=6270]
[61,12,93, i=6281]
[61,12,44, i=6285]
[61,12,74, i=6288]
[61,12,55, i=6295]
[61,22,32, i=6308]
[61,22,52, i=6310]
[61,22,72, i=6312]
[61,22,33, i=6317]
[61,22,63, i=6320]
[61,22,93, i=6323]
[61,22,44, i=6327]
[61,22,64, i=6329]
[61,22,94, i=6332]
[61,22,25, i=6334]
[61,22,55, i=6337]
[61,22,36, i=6344]
[61,22,66, i=6347]
[61,32,42, i=6350]
[61,32,52, i=6351]
[61,32,62, i=6352]
[61,32,92, i=6355]
[61,32,23, i=6357]
[61,32,43, i=6359]
[61,32,24, i=6366]
[61,32,54, i=6369]
[61,32,25, i=6375]
[61,32,55, i=6378]
[61,32,46, i=6386]
[61,32,56, i=6387]
[61,32,66, i=6388]
[61,42,52, i=6391]
[61,42,72, i=6393]
[61,42,63, i=6401]
[61,42,93, i=6404]
[61,42,64, i=6410]
[61,42,16, i=6423]
[61,42,56, i=6427]
[61,42,66, i=6428]
[61,52,62, i=6431]
[61,52,72, i=6432]
[61,52,13, i=6435]
[61,52,23, i=6436]
[61,52,33, i=6437]
[61,52,43, i=6438]
[61,52,53, i=6439]
[61,52,63, i=6440]
[61,52,83, i=6442]
[61,52,24, i=6445]
[61,52,34, i=6446]
[61,52,54, i=6448]
[61,52,64, i=6449]
[61,52,74, i=6450]
[61,52,15, i=6453]
[61,52,65, i=6458]
[61,52,85, i=6460]
[61,52,95, i=6461]
[61,52,36, i=6464]
[61,52,56, i=6466]
[61,52,66, i=6467]
[61,52,76, i=6468]
[61,62,23, i=6474]
[61,62,43, i=6476]
[61,62,53, i=6477]
[61,62,73, i=6479]
[61,62,93, i=6481]
[61,62,14, i=6482]
[61,62,34, i=6484]
[61,62,44, i=6485]
[61,62,64, i=6487]
[61,62,94, i=6490]
[61,62,25, i=6492]
[61,62,35, i=6493]
[61,62,45, i=6494]
[61,62,55, i=6495]
[61,62,85, i=6498]
[61,62,16, i=6500]
[61,62,26, i=6501]
[61,62,36, i=6502]
[61,62,56, i=6504]
[61,62,66, i=6505]
[61,72,82, i=6508]
[61,72,13, i=6510]
[61,72,23, i=6511]
[61,72,33, i=6512]
[61,72,43, i=6513]
[61,72,53, i=6514]
[61,72,63, i=6515]
[61,72,83, i=6517]
[61,72,93, i=6518]
[61,72,14, i=6519]
[61,72,24, i=6520]
[61,72,44, i=6522]
[61,72,54, i=6523]
[61,72,84, i=6526]
[61,72,94, i=6527]
[61,72,15, i=6528]
[61,72,25, i=6529]
[61,72,45, i=6531]
[61,72,55, i=6532]
[61,72,75, i=6534]
[61,72,85, i=6535]
[61,72,36, i=6539]
[61,72,76, i=6543]
[61,82,92, i=6545]
[61,82,73, i=6552]
[61,92,13, i=6581]
[61,92,83, i=6588]
[61,92,14, i=6590]
[61,92,74, i=6596]
[61,92,94, i=6598]
[61,92,85, i=6606]
[61,13,33, i=6617]
[61,13,53, i=6619]
[61,13,63, i=6620]
[61,13,73, i=6621]
[61,13,83, i=6622]
[61,13,93, i=6623]
[61,13,24, i=6625]
[61,13,34, i=6626]
[61,13,55, i=6637]
[61,13,65, i=6638]
[61,13,85, i=6640]
[61,13,46, i=6645]
[61,13,56, i=6646]
[61,13,76, i=6648]
[61,23,33, i=6650]
[61,23,53, i=6652]
[61,23,63, i=6653]
[61,23,83, i=6655]
[61,23,93, i=6656]
[61,23,24, i=6658]
[61,23,64, i=6662]
[61,23,45, i=6669]
[61,23,55, i=6670]
[61,23,65, i=6671]
[61,23,46, i=6678]
[61,23,66, i=6680]
[61,33,63, i=6685]
[61,33,83, i=6687]
[61,33,34, i=6691]
[61,33,15, i=6698]
[61,33,35, i=6700]
[61,33,85, i=6705]
[61,33,46, i=6710]
[61,33,56, i=6711]
[61,43,53, i=6715]
[61,43,63, i=6716]
[61,43,83, i=6718]
[61,43,54, i=6724]
[61,43,64, i=6725]
[61,43,45, i=6732]
[61,43,55, i=6733]
[61,43,26, i=6739]
[61,43,36, i=6740]
[61,43,76, i=6744]
[61,53,63, i=6746]
[61,53,73, i=6747]
[61,53,14, i=6750]
[61,53,44, i=6753]
[61,53,74, i=6756]
[61,53,94, i=6758]
[61,53,35, i=6761]
[61,53,65, i=6764]
[61,53,56, i=6772]
[61,53,66, i=6773]
[61,53,76, i=6774]
[61,63,93, i=6778]
[61,63,44, i=6782]
[61,63,74, i=6785]
[61,63,94, i=6787]
[61,63,45, i=6791]
[61,63,55, i=6792]
[61,63,65, i=6793]
[61,63,26, i=6798]
[61,63,46, i=6800]
[61,63,56, i=6801]
[61,63,66, i=6802]
[61,63,76, i=6803]
[61,73,83, i=6805]
[61,73,14, i=6807]
[61,73,84, i=6814]
[61,73,75, i=6822]
[61,73,85, i=6823]
[61,73,56, i=6829]
[61,83,93, i=6833]
[61,83,14, i=6834]
[61,83,64, i=6839]
[61,83,74, i=6840]
[61,83,15, i=6843]
[61,83,25, i=6844]
[61,83,35, i=6845]
[61,83,55, i=6847]
[61,83,65, i=6848]
[61,83,75, i=6849]
[61,83,36, i=6854]
[61,83,66, i=6857]
[61,83,76, i=6858]
[61,93,54, i=6864]
[61,93,64, i=6865]
[61,93,15, i=6869]
[61,93,25, i=6870]
[61,93,35, i=6871]
[61,93,75, i=6875]
[61,93,85, i=6876]
[61,93,95, i=6877]
[61,93,36, i=6880]
[61,93,46, i=6881]
[61,93,56, i=6882]
[61,93,76, i=6884]
[61,93,86, i=6885]
[61,14,24, i=6886]
[61,14,44, i=6888]
[61,14,54, i=6889]
[61,14,74, i=6891]
[61,14,94, i=6893]
[61,14,15, i=6894]
[61,14,25, i=6895]
[61,14,35, i=6896]
[61,14,45, i=6897]
[61,14,75, i=6900]
[61,14,26, i=6904]
[61,14,36, i=6905]
[61,14,56, i=6907]
[61,14,66, i=6908]
[61,14,86, i=6910]
[61,24,34, i=6911]
[61,24,74, i=6915]
[61,24,55, i=6922]
[61,24,65, i=6923]
[61,34,44, i=6935]
[61,34,94, i=6940]
[61,34,25, i=6942]
[61,34,55, i=6945]
[61,44,54, i=6958]
[61,44,64, i=6959]
[61,44,94, i=6962]
[61,44,55, i=6967]
[61,44,46, i=6975]
[61,44,66, i=6977]
[61,54,94, i=6983]
[61,54,65, i=6989]
[61,54,75, i=6990]
[61,54,26, i=6994]
[61,54,56, i=6997]
[61,54,66, i=6998]
[61,54,76, i=6999]
[61,64,15, i=7004]
[61,64,25, i=7005]
[61,64,35, i=7006]
[61,64,65, i=7009]
[61,64,75, i=7010]
[61,64,36, i=7015]
[61,64,46, i=7016]
[61,64,76, i=7019]
[61,74,94, i=7022]
[61,74,65, i=7028]
[61,74,26, i=7033]
[61,74,56, i=7036]
[61,74,76, i=7038]
[61,84,94, i=7040]
[61,84,65, i=7046]
[61,94,15, i=7058]
[61,94,55, i=7062]
[61,94,85, i=7065]
[61,94,26, i=7068]
[61,94,46, i=7070]
[61,94,56, i=7071]
[61,94,66, i=7072]
[61,94,76, i=7073]
[61,15,25, i=7075]
[61,15,45, i=7077]
[61,15,75, i=7080]
[61,15,26, i=7084]
[61,25,45, i=7092]
[61,25,66, i=7103]
[61,35,55, i=7107]
[61,35,85, i=7110]
[61,35,36, i=7114]
[61,45,36, i=7127]
[61,45,76, i=7131]
[61,55,56, i=7141]
[61,55,66, i=7142]
[61,65,36, i=7150]
[61,65,46, i=7151]
[61,65,56, i=7152]
[61,65,76, i=7154]
[61,75,36, i=7160]
[61,75,76, i=7164]
[61,75,86, i=7165]
[61,85,76, i=7173]
[61,16,46, i=7185]
[61,16,56, i=7186]
[61,26,76, i=7194]
[61,36,46, i=7196]
[61,36,66, i=7198]
[61,36,86, i=7200]
[61,46,66, i=7202]
[61,56,66, i=7205]
[71,81,92, i=7220]
[71,91,62, i=7261]
[71,91,82, i=7263]
[71,12,72, i=7305]
[71,12,23, i=7309]
[71,12,63, i=7313]
[71,12,93, i=7316]
[71,12,25, i=7327]
[71,12,85, i=7333]
[71,12,46, i=7338]
[71,22,94, i=7367]
[71,22,46, i=7380]
[71,32,62, i=7387]
[71,32,13, i=7391]
[71,32,23, i=7392]
[71,32,63, i=7396]
[71,32,14, i=7400]
[71,32,46, i=7421]
[71,42,72, i=7428]
[71,42,93, i=7439]
[71,42,24, i=7441]
[71,42,85, i=7456]
[71,42,56, i=7462]
[71,52,72, i=7467]
[71,52,43, i=7473]
[71,52,93, i=7478]
[71,52,24, i=7480]
[71,52,44, i=7482]
[71,52,64, i=7484]
[71,52,85, i=7495]
[71,52,66, i=7502]
[71,62,72, i=7505]
[71,62,13, i=7508]
[71,62,23, i=7509]
[71,62,33, i=7510]
[71,62,43, i=7511]
[71,62,53, i=7512]
[71,62,63, i=7513]
[71,62,73, i=7514]
[71,62,93, i=7516]
[71,62,34, i=7519]
[71,62,44, i=7520]
[71,62,64, i=7522]
[71,62,84, i=7524]
[71,62,94, i=7525]
[71,62,35, i=7528]
[71,62,85, i=7533]
[71,62,56, i=7539]
[71,62,76, i=7541]
[71,72,23, i=7546]
[71,72,33, i=7547]
[71,72,43, i=7548]
[71,72,63, i=7550]
[71,72,83, i=7552]
[71,72,93, i=7553]
[71,72,14, i=7554]
[71,72,24, i=7555]
[71,72,34, i=7556]
[71,72,54, i=7558]
[71,72,64, i=7559]
[71,72,74, i=7560]
[71,72,84, i=7561]
[71,72,94, i=7562]
[71,72,25, i=7564]
[71,72,45, i=7566]
[71,72,65, i=7568]
[71,72,85, i=7570]
[71,72,16, i=7572]
[71,72,26, i=7573]
[71,72,36, i=7574]
[71,72,46, i=7575]
[71,72,66, i=7577]
[71,82,92, i=7580]
[71,82,93, i=7589]
[71,82,85, i=7606]
[71,92,73, i=7622]
[71,92,83, i=7623]
[71,92,24, i=7626]
[71,92,34, i=7627]
[71,92,54, i=7629]
[71,92,74, i=7631]
[71,92,85, i=7641]
[71,92,36, i=7645]
[71,92,46, i=7646]
[71,92,56, i=7647]
[71,13,23, i=7651]
[71,13,33, i=7652]
[71,13,24, i=7660]
[71,13,94, i=7667]
[71,23,73, i=7689]
[71,23,93, i=7691]
[71,23,14, i=7692]
[71,23,74, i=7698]
[71,23,25, i=7702]
[71,23,85, i=7708]
[71,23,36, i=7712]
[71,33,63, i=7720]
[71,33,93, i=7723]
[71,33,14, i=7724]
[71,33,64, i=7729]
[71,33,45, i=7736]
[71,33,85, i=7740]
[71,33,46, i=7745]
[71,43,93, i=7754]
[71,43,44, i=7758]
[71,43,15, i=7764]
[71,43,85, i=7771]
[71,53,93, i=7784]
[71,53,14, i=7785]
[71,53,94, i=7793]
[71,53,95, i=7802]
[71,53,66, i=7808]
[71,63,93, i=7813]
[71,63,24, i=7815]
[71,63,54, i=7818]
[71,63,85, i=7830]
[71,63,76, i=7838]
[71,83,93, i=7868]
[71,93,14, i=7895]
[71,93,24, i=7896]
[71,93,34, i=7897]
[71,93,44, i=7898]
[71,93,54, i=7899]
[71,93,64, i=7900]
[71,93,74, i=7901]
[71,93,84, i=7902]
[71,93,94, i=7903]
[71,93,25, i=7905]
[71,93,35, i=7906]
[71,93,45, i=7907]
[71,93,55, i=7908]
[71,93,65, i=7909]
[71,93,85, i=7911]
[71,93,16, i=7913]
[71,93,26, i=7914]
[71,93,36, i=7915]
[71,93,46, i=7916]
[71,93,66, i=7918]
[71,14,34, i=7922]
[71,14,44, i=7923]
[71,14,54, i=7924]
[71,14,94, i=7928]
[71,14,25, i=7930]
[71,14,35, i=7931]
[71,14,55, i=7933]
[71,14,65, i=7934]
[71,14,85, i=7936]
[71,14,56, i=7942]
[71,14,66, i=7943]
[71,24,46, i=7965]
[71,34,44, i=7970]
[71,34,94, i=7975]
[71,34,15, i=7976]
[71,34,25, i=7977]
[71,34,65, i=7981]
[71,34,85, i=7983]
[71,34,46, i=7988]
[71,44,54, i=7993]
[71,44,56, i=8011]
[71,44,76, i=8013]
[71,54,74, i=8016]
[71,54,15, i=8019]
[71,54,65, i=8024]
[71,54,85, i=8026]
[71,54,36, i=8030]
[71,54,46, i=8031]
[71,54,56, i=8032]
[71,64,56, i=8052]
[71,84,94, i=8075]
[71,94,85, i=8100]
[71,94,66, i=8107]
[71,15,65, i=8114]
[71,15,75, i=8115]
[71,15,26, i=8119]
[71,25,36, i=8135]
[71,45,85, i=8158]
[71,45,56, i=8164]
[71,55,85, i=8170]
[71,55,46, i=8175]
[71,65,85, i=8181]
[71,65,56, i=8187]
[71,65,76, i=8189]
[71,75,85, i=8191]
[71,85,46, i=8205]
[71,85,66, i=8207]
[71,85,76, i=8208]
[71,36,66, i=8233]
[81,91,72, i=8252]
[81,12,92, i=8297]
[81,12,63, i=8303]
[81,12,66, i=8330]
[81,22,92, i=8339]
[81,22,33, i=8342]
[81,22,84, i=8356]
[81,32,72, i=8378]
[81,32,92, i=8380]
[81,32,14, i=8390]
[81,42,72, i=8418]
[81,42,92, i=8420]
[81,42,23, i=8422]
[81,42,54, i=8434]
[81,42,74, i=8436]
[81,42,35, i=8441]
[81,42,46, i=8451]
[81,42,56, i=8452]
[81,52,72, i=8457]
[81,52,92, i=8459]
[81,52,36, i=8489]
[81,52,46, i=8490]
[81,62,72, i=8495]
[81,62,92, i=8497]
[81,62,65, i=8521]
[81,72,92, i=8534]
[81,72,13, i=8535]
[81,72,23, i=8536]
[81,72,43, i=8538]
[81,72,63, i=8540]
[81,72,83, i=8542]
[81,72,93, i=8543]
[81,72,24, i=8545]
[81,72,34, i=8546]
[81,72,54, i=8548]
[81,72,64, i=8549]
[81,72,94, i=8552]
[81,72,15, i=8553]
[81,72,35, i=8555]
[81,72,45, i=8556]
[81,72,65, i=8558]
[81,72,75, i=8559]
[81,72,46, i=8565]
[81,72,56, i=8566]
[81,82,92, i=8570]
[81,82,93, i=8579]
[81,82,65, i=8594]
[81,82,95, i=8597]
[81,92,13, i=8606]
[81,92,23, i=8607]
[81,92,33, i=8608]
[81,92,43, i=8609]
[81,92,53, i=8610]
[81,92,63, i=8611]
[81,92,73, i=8612]
[81,92,83, i=8613]
[81,92,93, i=8614]
[81,92,14, i=8615]
[81,92,24, i=8616]
[81,92,34, i=8617]
[81,92,44, i=8618]
[81,92,54, i=8619]
[81,92,64, i=8620]
[81,92,74, i=8621]
[81,92,84, i=8622]
[81,92,94, i=8623]
[81,92,15, i=8624]
[81,92,25, i=8625]
[81,92,35, i=8626]
[81,92,45, i=8627]
[81,92,55, i=8628]
[81,92,65, i=8629]
[81,92,75, i=8630]
[81,92,85, i=8631]
[81,92,95, i=8632]
[81,92,16, i=8633]
[81,92,26, i=8634]
[81,92,36, i=8635]
[81,92,46, i=8636]
[81,92,56, i=8637]
[81,92,66, i=8638]
[81,92,76, i=8639]
[81,92,86, i=8640]
[81,13,54, i=8653]
[81,13,94, i=8657]
[81,23,14, i=8682]
[81,33,73, i=8711]
[81,33,65, i=8728]
[81,33,56, i=8736]
[81,43,63, i=8741]
[81,43,14, i=8745]
[81,43,94, i=8753]
[81,43,15, i=8754]
[81,53,63, i=8771]
[81,53,93, i=8774]
[81,53,44, i=8778]
[81,53,94, i=8783]
[81,53,46, i=8796]
[81,63,14, i=8804]
[81,63,74, i=8810]
[81,63,36, i=8824]
[81,63,46, i=8825]
[81,63,56, i=8826]
[81,73,83, i=8830]
[81,83,64, i=8864]
[81,83,74, i=8865]
[81,14,44, i=8913]
[81,14,64, i=8915]
[81,14,25, i=8920]
[81,14,55, i=8923]
[81,14,36, i=8930]
[81,14,66, i=8933]
[81,24,15, i=8943]
[81,24,46, i=8955]
[81,34,85, i=8973]
[81,44,54, i=8983]
[81,44,55, i=8992]
[81,44,65, i=8993]
[81,54,74, i=9006]
[81,54,36, i=9020]
[81,54,56, i=9022]
[81,64,65, i=9034]
[81,74,15, i=9048]
[81,74,36, i=9059]
[81,84,94, i=9065]
[81,84,36, i=9077]
[81,94,85, i=9090]
[81,94,36, i=9094]
[81,94,76, i=9098]
[81,15,26, i=9109]
[81,15,56, i=9112]
[81,35,26, i=9138]
[81,45,56, i=9154]
[81,55,46, i=9165]
[81,55,56, i=9166]
[81,65,56, i=9177]
[81,75,46, i=9186]
[81,85,36, i=9194]
[81,85,76, i=9198]
[91,22,33, i=9288]
[91,22,34, i=9297]
[91,32,14, i=9336]
[91,32,46, i=9357]
[91,52,82, i=9404]
[91,62,73, i=9450]
[91,82,53, i=9521]
[91,82,93, i=9525]
[91,82,34, i=9528]
[91,82,74, i=9532]
[91,82,55, i=9539]
[91,82,95, i=9543]
[91,82,66, i=9549]
[91,23,36, i=9648]
[91,33,44, i=9663]
[91,33,64, i=9665]
[91,33,36, i=9680]
[91,43,54, i=9695]
[91,43,36, i=9711]
[91,53,64, i=9726]
[91,63,14, i=9750]
[91,63,36, i=9770]
[91,73,34, i=9780]
[91,73,44, i=9781]
[91,83,14, i=9805]
[91,83,34, i=9807]
[91,93,54, i=9835]
[91,14,74, i=9862]
[91,14,36, i=9876]
[91,14,56, i=9878]
[91,24,46, i=9901]
[91,44,64, i=9930]
[91,44,56, i=9947]
[91,54,64, i=9951]
[91,54,74, i=9952]
[91,54,76, i=9970]
[91,64,55, i=9979]
[91,64,36, i=9986]
[91,74,45, i=9997]
[91,74,65, i=9999]
[91,94,85, i=10036]
[91,15,26, i=10055]
[91,35,36, i=10085]
[91,65,56, i=10123]
[91,65,66, i=10124]
[91,85,76, i=10144]
[91,36,56, i=10168]
[12,22,72, i=10186]
[12,22,33, i=10191]
[12,22,43, i=10192]
[12,22,53, i=10193]
[12,22,34, i=10200]
[12,22,35, i=10209]
[12,22,46, i=10219]
[12,32,23, i=10231]
[12,42,23, i=10271]
[12,42,33, i=10272]
[12,42,74, i=10285]
[12,42,94, i=10287]
[12,42,55, i=10292]
[12,52,43, i=10312]
[12,52,16, i=10336]
[12,62,92, i=10346]
[12,62,64, i=10361]
[12,62,74, i=10362]
[12,72,23, i=10385]
[12,72,33, i=10386]
[12,72,63, i=10389]
[12,72,94, i=10401]
[12,72,55, i=10406]
[12,82,93, i=10428]
[12,82,24, i=10430]
[12,82,65, i=10443]
[12,82,85, i=10445]
[12,92,53, i=10459]
[12,92,14, i=10464]
[12,92,74, i=10470]
[12,92,85, i=10480]
[12,23,33, i=10524]
[12,23,43, i=10525]
[12,23,83, i=10529]
[12,23,93, i=10530]
[12,23,14, i=10531]
[12,23,64, i=10536]
[12,23,35, i=10542]
[12,23,75, i=10546]
[12,23,85, i=10547]
[12,23,26, i=10550]
[12,23,46, i=10552]
[12,23,56, i=10553]
[12,33,53, i=10558]
[12,33,83, i=10561]
[12,33,44, i=10566]
[12,33,74, i=10569]
[12,33,15, i=10572]
[12,43,44, i=10597]
[12,43,94, i=10602]
[12,43,95, i=10611]
[12,43,26, i=10613]
[12,53,44, i=10627]
[12,53,16, i=10642]
[12,63,83, i=10651]
[12,63,14, i=10653]
[12,63,65, i=10667]
[12,63,26, i=10672]
[12,63,56, i=10675]
[12,83,74, i=10714]
[12,83,94, i=10716]
[12,93,64, i=10739]
[12,14,34, i=10761]
[12,14,54, i=10763]
[12,14,74, i=10765]
[12,14,25, i=10769]
[12,14,35, i=10770]
[12,24,64, i=10788]
[12,24,15, i=10792]
[12,24,36, i=10803]
[12,34,46, i=10827]
[12,34,66, i=10829]
[12,54,15, i=10858]
[12,64,15, i=10878]
[12,64,55, i=10882]
[12,64,26, i=10888]
[12,64,76, i=10893]
[12,74,25, i=10898]
[12,74,26, i=10907]
[12,84,94, i=10914]
[12,94,85, i=10939]
[12,94,16, i=10941]
[12,15,25, i=10949]
[12,15,65, i=10953]
[12,15,85, i=10955]
[12,15,26, i=10958]
[12,35,26, i=10987]
[12,35,46, i=10989]
[12,55,26, i=11012]
[12,55,46, i=11014]
[12,65,56, i=11026]
[12,85,26, i=11042]
[12,85,46, i=11044]
[12,85,76, i=11047]
[12,26,56, i=11066]
[12,36,76, i=11073]
[22,32,42, i=11085]
[22,32,52, i=11086]
[22,32,62, i=11087]
[22,32,43, i=11094]
[22,32,83, i=11098]
[22,32,34, i=11102]
[22,32,74, i=11106]
[22,32,15, i=11109]
[22,32,25, i=11110]
[22,32,65, i=11114]
[22,32,36, i=11120]
[22,32,56, i=11122]
[22,42,53, i=11135]
[22,42,83, i=11138]
[22,42,93, i=11139]
[22,42,64, i=11145]
[22,42,36, i=11160]
[22,42,66, i=11163]
[22,52,43, i=11173]
[22,52,14, i=11179]
[22,52,44, i=11182]
[22,52,45, i=11191]
[22,52,85, i=11195]
[22,52,36, i=11199]
[22,52,46, i=11200]
[22,62,13, i=11208]
[22,62,83, i=11215]
[22,62,44, i=11220]
[22,62,54, i=11221]
[22,62,74, i=11223]
[22,62,45, i=11229]
[22,72,33, i=11247]
[22,72,53, i=11249]
[22,72,73, i=11251]
[22,72,93, i=11253]
[22,72,34, i=11256]
[22,72,64, i=11259]
[22,72,74, i=11260]
[22,72,94, i=11262]
[22,72,36, i=11274]
[22,72,46, i=11275]
[22,82,93, i=11289]
[22,82,94, i=11298]
[22,92,74, i=11331]
[22,92,56, i=11347]
[22,13,43, i=11353]
[22,13,83, i=11357]
[22,13,54, i=11363]
[22,13,74, i=11365]
[22,13,35, i=11370]
[22,13,75, i=11374]
[22,13,46, i=11380]
[22,23,73, i=11389]
[22,23,14, i=11392]
[22,23,34, i=11394]
[22,23,74, i=11398]
[22,33,43, i=11418]
[22,33,34, i=11426]
[22,33,74, i=11430]
[22,33,84, i=11431]
[22,33,15, i=11433]
[22,33,25, i=11434]
[22,33,35, i=11435]
[22,33,45, i=11436]
[22,33,55, i=11437]
[22,33,65, i=11438]
[22,33,85, i=11440]
[22,33,36, i=11444]
[22,33,46, i=11445]
[22,43,34, i=11457]
[22,43,54, i=11459]
[22,43,74, i=11461]
[22,43,84, i=11462]
[22,43,94, i=11463]
[22,43,25, i=11465]
[22,43,85, i=11471]
[22,43,36, i=11475]
[22,53,44, i=11488]
[22,53,74, i=11491]
[22,53,45, i=11497]
[22,53,65, i=11499]
[22,53,66, i=11508]
[22,63,83, i=11512]
[22,63,93, i=11513]
[22,63,74, i=11520]
[22,63,94, i=11522]
[22,63,45, i=11526]
[22,63,46, i=11535]
[22,63,56, i=11536]
[22,63,66, i=11537]
[22,73,83, i=11540]
[22,73,34, i=11544]
[22,73,44, i=11545]
[22,73,74, i=11548]
[22,73,56, i=11564]
[22,83,34, i=11571]
[22,83,44, i=11572]
[22,83,74, i=11575]
[22,83,94, i=11577]
[22,83,45, i=11581]
[22,83,36, i=11589]
[22,83,66, i=11592]
[22,93,46, i=11616]
[22,93,66, i=11618]
[22,14,54, i=11624]
[22,14,46, i=11641]
[22,14,66, i=11643]
[22,24,94, i=11652]
[22,24,65, i=11658]
[22,34,54, i=11671]
[22,34,64, i=11672]
[22,34,74, i=11673]
[22,34,46, i=11688]
[22,34,56, i=11689]
[22,44,94, i=11697]
[22,54,74, i=11716]
[22,54,36, i=11730]
[22,64,74, i=11736]
[22,64,85, i=11746]
[22,64,46, i=11751]
[22,64,56, i=11752]
[22,74,35, i=11760]
[22,74,65, i=11763]
[22,94,25, i=11794]
[22,94,85, i=11800]
[22,94,56, i=11806]
[22,15,26, i=11819]
[22,25,56, i=11837]
[22,25,86, i=11840]
[22,35,55, i=11842]
[22,45,36, i=11862]
[22,55,46, i=11875]
[22,65,56, i=11887]
[22,85,46, i=11905]
[22,85,56, i=11906]
[22,85,76, i=11908]
[22,26,46, i=11926]
[32,42,33, i=11953]
[32,42,53, i=11955]
[32,42,56, i=11982]
[32,52,23, i=11991]
[32,52,63, i=11995]
[32,52,25, i=12009]
[32,52,46, i=12020]
[32,62,92, i=12027]
[32,62,83, i=12035]
[32,62,93, i=12036]
[32,62,14, i=12037]
[32,62,54, i=12041]
[32,62,64, i=12042]
[32,62,15, i=12046]
[32,72,13, i=12065]
[32,72,33, i=12067]
[32,72,63, i=12070]
[32,72,93, i=12073]
[32,72,14, i=12074]
[32,72,64, i=12079]
[32,72,15, i=12083]
[32,82,23, i=12102]
[32,82,33, i=12103]
[32,92,64, i=12150]
[32,92,74, i=12151]
[32,13,43, i=12173]
[32,13,93, i=12178]
[32,13,24, i=12180]
[32,13,44, i=12182]
[32,13,94, i=12187]
[32,13,65, i=12193]
[32,13,36, i=12199]
[32,23,43, i=12206]
[32,23,73, i=12209]
[32,23,93, i=12211]
[32,23,14, i=12212]
[32,23,34, i=12214]
[32,23,54, i=12216]
[32,23,74, i=12218]
[32,23,94, i=12220]
[32,23,25, i=12222]
[32,23,45, i=12224]
[32,23,65, i=12226]
[32,23,16, i=12230]
[32,23,46, i=12233]
[32,23,66, i=12235]
[32,23,86, i=12237]
[32,33,53, i=12239]
[32,33,63, i=12240]
[32,33,93, i=12243]
[32,33,14, i=12244]
[32,33,54, i=12248]
[32,33,15, i=12253]
[32,33,65, i=12258]
[32,33,26, i=12263]
[32,33,46, i=12265]
[32,43,93, i=12274]
[32,43,14, i=12275]
[32,43,24, i=12276]
[32,43,34, i=12277]
[32,43,54, i=12279]
[32,43,74, i=12281]
[32,43,35, i=12286]
[32,43,65, i=12289]
[32,43,85, i=12291]
[32,43,56, i=12297]
[32,53,63, i=12301]
[32,53,54, i=12309]
[32,53,74, i=12311]
[32,53,56, i=12327]
[32,63,34, i=12336]
[32,63,64, i=12339]
[32,63,74, i=12340]
[32,63,15, i=12343]
[32,63,85, i=12350]
[32,73,83, i=12360]
[32,73,14, i=12362]
[32,73,44, i=12365]
[32,73,54, i=12366]
[32,73,94, i=12370]
[32,73,65, i=12376]
[32,73,36, i=12382]
[32,73,66, i=12385]
[32,83,14, i=12389]
[32,83,24, i=12390]
[32,83,15, i=12398]
[32,83,16, i=12407]
[32,83,46, i=12410]
[32,83,56, i=12411]
[32,93,14, i=12415]
[32,93,54, i=12419]
[32,93,15, i=12424]
[32,93,85, i=12431]
[32,93,36, i=12435]
[32,93,46, i=12436]
[32,93,56, i=12437]
[32,14,24, i=12441]
[32,14,34, i=12442]
[32,14,54, i=12444]
[32,14,64, i=12445]
[32,14,84, i=12447]
[32,14,94, i=12448]
[32,14,15, i=12449]
[32,14,25, i=12450]
[32,14,35, i=12451]
[32,14,45, i=12452]
[32,14,65, i=12454]
[32,14,85, i=12456]
[32,14,16, i=12458]
[32,14,26, i=12459]
[32,14,36, i=12460]
[32,14,56, i=12462]
[32,14,66, i=12463]
[32,24,34, i=12466]
[32,24,65, i=12478]
[32,24,46, i=12485]
[32,34,94, i=12495]
[32,34,35, i=12498]
[32,34,45, i=12499]
[32,34,85, i=12503]
[32,34,56, i=12509]
[32,44,94, i=12517]
[32,44,55, i=12522]
[32,44,85, i=12525]
[32,44,36, i=12529]
[32,44,86, i=12534]
[32,54,74, i=12536]
[32,54,15, i=12539]
[32,54,75, i=12545]
[32,54,85, i=12546]
[32,54,56, i=12552]
[32,64,25, i=12560]
[32,64,65, i=12564]
[32,64,75, i=12565]
[32,64,85, i=12566]
[32,64,56, i=12572]
[32,64,66, i=12573]
[32,74,65, i=12583]
[32,74,85, i=12585]
[32,74,95, i=12586]
[32,84,65, i=12601]
[32,84,85, i=12603]
[32,94,65, i=12618]
[32,94,85, i=12620]
[32,94,46, i=12625]
[32,94,56, i=12626]
[32,94,76, i=12628]
[32,15,25, i=12630]
[32,15,45, i=12632]
[32,15,85, i=12636]
[32,15,26, i=12639]
[32,15,46, i=12641]
[32,25,36, i=12655]
[32,45,36, i=12682]
[32,45,46, i=12683]
[32,45,56, i=12684]
[32,65,85, i=12701]
[32,75,36, i=12715]
[32,85,56, i=12726]
[32,85,76, i=12728]
[32,95,66, i=12735]
[32,56,76, i=12761]
[42,52,72, i=12767]
[42,52,82, i=12768]
[42,52,24, i=12780]
[42,52,74, i=12785]
[42,52,65, i=12793]
[42,52,26, i=12798]
[42,52,56, i=12801]
[42,62,72, i=12805]
[42,62,23, i=12809]
[42,62,33, i=12810]
[42,62,24, i=12818]
[42,62,44, i=12820]
[42,62,64, i=12822]
[42,62,74, i=12823]
[42,62,15, i=12826]
[42,72,23, i=12846]
[42,72,33, i=12847]
[42,72,83, i=12852]
[42,72,44, i=12857]
[42,72,15, i=12863]
[42,72,55, i=12867]
[42,72,46, i=12875]
[42,72,76, i=12878]
[42,82,92, i=12880]
[42,82,33, i=12883]
[42,82,93, i=12889]
[42,82,74, i=12896]
[42,82,55, i=12903]
[42,92,44, i=12928]
[42,92,74, i=12931]
[42,92,56, i=12947]
[42,13,43, i=12953]
[42,13,34, i=12961]
[42,13,74, i=12965]
[42,13,46, i=12980]
[42,13,56, i=12981]
[42,13,76, i=12983]
[42,23,33, i=12985]
[42,23,14, i=12992]
[42,23,34, i=12994]
[42,23,44, i=12995]
[42,23,55, i=13005]
[42,23,46, i=13013]
[42,33,53, i=13019]
[42,33,63, i=13020]
[42,33,73, i=13021]
[42,33,24, i=13025]
[42,33,34, i=13026]
[42,33,44, i=13027]
[42,33,74, i=13030]
[42,33,94, i=13032]
[42,33,15, i=13033]
[42,33,45, i=13036]
[42,33,55, i=13037]
[42,33,65, i=13038]
[42,33,85, i=13040]
[42,33,26, i=13043]
[42,43,24, i=13056]
[42,43,25, i=13065]
[42,43,36, i=13075]
[42,43,56, i=13077]
[42,43,66, i=13078]
[42,53,73, i=13082]
[42,53,83, i=13083]
[42,53,64, i=13090]
[42,53,55, i=13098]
[42,53,65, i=13099]
[42,63,44, i=13117]
[42,63,74, i=13120]
[42,63,45, i=13126]
[42,63,65, i=13128]
[42,73,83, i=13140]
[42,73,64, i=13147]
[42,73,55, i=13155]
[42,73,65, i=13156]
[42,73,75, i=13157]
[42,73,85, i=13158]
[42,73,66, i=13165]
[42,83,93, i=13168]
[42,83,14, i=13169]
[42,83,34, i=13171]
[42,83,74, i=13175]
[42,83,94, i=13177]
[42,83,25, i=13179]
[42,83,45, i=13181]
[42,83,46, i=13190]
[42,83,66, i=13192]
[42,93,14, i=13195]
[42,93,64, i=13200]
[42,93,45, i=13207]
[42,93,55, i=13208]
[42,93,85, i=13211]
[42,93,36, i=13215]
[42,93,56, i=13217]
[42,93,76, i=13219]
[42,14,24, i=13221]
[42,14,94, i=13228]
[42,14,25, i=13230]
[42,14,65, i=13234]
[42,14,36, i=13240]
[42,24,44, i=13247]
[42,24,65, i=13258]
[42,24,46, i=13265]
[42,34,74, i=13273]
[42,34,56, i=13289]
[42,34,76, i=13291]
[42,44,94, i=13297]
[42,44,25, i=13299]
[42,44,35, i=13300]
[42,44,45, i=13301]
[42,44,36, i=13309]
[42,44,46, i=13310]
[42,44,56, i=13311]
[42,44,76, i=13313]
[42,54,45, i=13322]
[42,54,65, i=13324]
[42,54,36, i=13330]
[42,54,56, i=13332]
[42,64,25, i=13340]
[42,64,65, i=13344]
[42,64,75, i=13345]
[42,64,66, i=13353]
[42,74,55, i=13362]
[42,74,65, i=13363]
[42,74,85, i=13365]
[42,74,95, i=13366]
[42,74,76, i=13373]
[42,84,56, i=13389]
[42,94,25, i=13394]
[42,94,65, i=13398]
[42,94,85, i=13400]
[42,94,56, i=13406]
[42,94,76, i=13408]
[42,15,26, i=13419]
[42,15,56, i=13422]
[42,25,55, i=13428]
[42,25,56, i=13437]
[42,45,65, i=13456]
[42,45,46, i=13463]
[42,45,56, i=13464]
[42,55,26, i=13473]
[42,55,46, i=13475]
[42,55,76, i=13478]
[42,65,85, i=13481]
[42,65,56, i=13487]
[42,75,46, i=13496]
[42,85,56, i=13506]
[42,85,66, i=13507]
[42,85,76, i=13508]
[42,85,86, i=13509]
[42,16,56, i=13521]
[42,26,56, i=13527]
[42,36,56, i=13532]
[42,36,66, i=13533]
[42,36,76, i=13534]
[42,46,86, i=13539]
[52,62,72, i=13546]
[52,62,54, i=13562]
[52,72,33, i=13588]
[52,72,44, i=13598]
[52,72,94, i=13603]
[52,72,35, i=13606]
[52,72,56, i=13617]
[52,72,66, i=13618]
[52,72,76, i=13619]
[52,82,92, i=13621]
[52,82,63, i=13627]
[52,82,93, i=13630]
[52,82,14, i=13631]
[52,82,74, i=13637]
[52,82,65, i=13645]
[52,82,85, i=13647]
[52,82,36, i=13651]
[52,92,74, i=13672]
[52,92,85, i=13682]
[52,92,56, i=13688]
[52,13,23, i=13692]
[52,13,63, i=13696]
[52,13,83, i=13698]
[52,13,93, i=13699]
[52,13,34, i=13702]
[52,13,44, i=13703]
[52,13,64, i=13705]
[52,13,94, i=13708]
[52,13,46, i=13721]
[52,13,56, i=13722]
[52,23,63, i=13729]
[52,23,54, i=13737]
[52,23,75, i=13748]
[52,33,43, i=13759]
[52,33,24, i=13766]
[52,33,74, i=13771]
[52,33,84, i=13772]
[52,33,45, i=13777]
[52,33,75, i=13780]
[52,33,85, i=13781]
[52,33,46, i=13786]
[52,33,56, i=13787]
[52,33,76, i=13789]
[52,43,63, i=13792]
[52,43,14, i=13796]
[52,43,24, i=13797]
[52,43,34, i=13798]
[52,43,74, i=13802]
[52,43,84, i=13803]
[52,43,45, i=13808]
[52,43,55, i=13809]
[52,43,65, i=13810]
[52,43,75, i=13811]
[52,53,63, i=13822]
[52,53,34, i=13828]
[52,53,64, i=13831]
[52,53,35, i=13837]
[52,53,56, i=13848]
[52,63,73, i=13852]
[52,63,24, i=13856]
[52,63,84, i=13862]
[52,63,94, i=13863]
[52,63,75, i=13870]
[52,63,76, i=13879]
[52,73,54, i=13887]
[52,73,64, i=13888]
[52,73,74, i=13889]
[52,73,45, i=13895]
[52,73,66, i=13906]
[52,83,74, i=13916]
[52,83,26, i=13929]
[52,83,36, i=13930]
[52,93,24, i=13937]
[52,93,54, i=13940]
[52,93,74, i=13942]
[52,93,55, i=13949]
[52,14,24, i=13962]
[52,14,94, i=13969]
[52,14,65, i=13975]
[52,14,36, i=13981]
[52,14,46, i=13982]
[52,24,65, i=13999]
[52,34,54, i=14012]
[52,34,74, i=14014]
[52,34,55, i=14021]
[52,34,56, i=14030]
[52,44,54, i=14034]
[52,44,84, i=14037]
[52,44,94, i=14038]
[52,44,45, i=14042]
[52,44,26, i=14049]
[52,44,56, i=14052]
[52,54,75, i=14066]
[52,54,56, i=14073]
[52,54,66, i=14074]
[52,64,84, i=14078]
[52,64,55, i=14084]
[52,64,65, i=14085]
[52,64,46, i=14092]
[52,64,76, i=14095]
[52,64,86, i=14096]
[52,74,35, i=14101]
[52,74,45, i=14102]
[52,74,65, i=14104]
[52,74,56, i=14112]
[52,84,36, i=14128]
[52,94,15, i=14134]
[52,94,65, i=14139]
[52,94,85, i=14141]
[52,94,36, i=14145]
[52,94,56, i=14147]
[52,15,26, i=14160]
[52,25,26, i=14175]
[52,25,36, i=14176]
[52,35,36, i=14190]
[52,45,36, i=14203]
[52,45,46, i=14204]
[52,55,85, i=14211]
[52,55,76, i=14219]
[52,65,85, i=14222]
[52,65,36, i=14226]
[52,85,36, i=14245]
[52,85,76, i=14249]
[52,36,66, i=14274]
[52,46,76, i=14279]
[62,72,23, i=14290]
[62,72,33, i=14291]
[62,72,64, i=14303]
[62,72,65, i=14312]
[62,72,66, i=14321]
[62,82,73, i=14331]
[62,92,73, i=14366]
[62,92,83, i=14367]
[62,92,14, i=14369]
[62,92,24, i=14370]
[62,92,74, i=14375]
[62,92,94, i=14377]
[62,92,65, i=14383]
[62,92,85, i=14385]
[62,13,63, i=14399]
[62,13,35, i=14414]
[62,13,46, i=14424]
[62,23,83, i=14434]
[62,23,25, i=14446]
[62,23,36, i=14456]
[62,23,56, i=14458]
[62,33,53, i=14463]
[62,33,63, i=14464]
[62,33,24, i=14469]
[62,33,44, i=14471]
[62,33,64, i=14473]
[62,33,74, i=14474]
[62,33,35, i=14479]
[62,43,53, i=14494]
[62,43,73, i=14496]
[62,43,14, i=14499]
[62,43,74, i=14505]
[62,53,73, i=14526]
[62,53,93, i=14528]
[62,53,14, i=14529]
[62,53,34, i=14531]
[62,53,64, i=14534]
[62,53,15, i=14538]
[62,53,35, i=14540]
[62,53,55, i=14542]
[62,53,16, i=14547]
[62,53,66, i=14552]
[62,53,76, i=14553]
[62,53,86, i=14554]
[62,63,15, i=14567]
[62,63,75, i=14573]
[62,63,85, i=14574]
[62,73,64, i=14591]
[62,73,74, i=14592]
[62,73,94, i=14594]
[62,73,85, i=14602]
[62,73,26, i=14605]
[62,73,46, i=14607]
[62,83,74, i=14619]
[62,83,15, i=14622]
[62,83,65, i=14627]
[62,83,75, i=14628]
[62,83,76, i=14637]
[62,93,85, i=14655]
[62,14,44, i=14667]
[62,14,74, i=14670]
[62,14,25, i=14674]
[62,14,35, i=14675]
[62,14,45, i=14676]
[62,14,55, i=14677]
[62,14,36, i=14684]
[62,14,56, i=14686]
[62,24,44, i=14691]
[62,24,46, i=14709]
[62,24,56, i=14710]
[62,34,45, i=14723]
[62,34,65, i=14725]
[62,34,56, i=14733]
[62,44,35, i=14744]
[62,44,66, i=14756]
[62,54,65, i=14768]
[62,64,55, i=14787]
[62,64,85, i=14790]
[62,64,26, i=14793]
[62,64,46, i=14795]
[62,64,56, i=14796]
[62,74,66, i=14816]
[62,84,94, i=14819]
[62,84,45, i=14823]
[62,84,46, i=14832]
[62,84,56, i=14833]
[62,94,85, i=14844]
[62,15,26, i=14863]
[62,15,36, i=14864]
[62,45,56, i=14908]
[62,55,56, i=14920]
[62,65,85, i=14925]
[62,85,76, i=14952]
[62,26,56, i=14971]
[72,82,93, i=14999]
[72,82,56, i=15022]
[72,92,44, i=15038]
[72,92,65, i=15049]
[72,13,23, i=15061]
[72,13,83, i=15067]
[72,13,24, i=15070]
[72,13,64, i=15074]
[72,13,84, i=15076]
[72,13,15, i=15078]
[72,13,55, i=15082]
[72,13,65, i=15083]
[72,23,73, i=15099]
[72,23,93, i=15101]
[72,23,34, i=15104]
[72,23,54, i=15106]
[72,23,64, i=15107]
[72,23,74, i=15108]
[72,23,15, i=15111]
[72,23,55, i=15115]
[72,23,36, i=15122]
[72,23,76, i=15126]
[72,33,53, i=15129]
[72,33,63, i=15130]
[72,33,73, i=15131]
[72,33,83, i=15132]
[72,33,14, i=15134]
[72,33,15, i=15143]
[72,33,45, i=15146]
[72,43,14, i=15165]
[72,43,64, i=15170]
[72,43,85, i=15181]
[72,43,56, i=15187]
[72,53,73, i=15192]
[72,53,14, i=15195]
[72,53,64, i=15200]
[72,53,15, i=15204]
[72,53,46, i=15216]
[72,53,56, i=15217]
[72,63,73, i=15221]
[72,63,83, i=15222]
[72,63,93, i=15223]
[72,63,24, i=15225]
[72,63,54, i=15228]
[72,63,64, i=15229]
[72,63,15, i=15233]
[72,63,85, i=15240]
[72,63,46, i=15245]
[72,63,56, i=15246]
[72,63,66, i=15247]
[72,63,76, i=15248]
[72,73,44, i=15255]
[72,73,84, i=15259]
[72,73,65, i=15266]
[72,73,56, i=15274]
[72,83,93, i=15278]
[72,83,14, i=15279]
[72,83,24, i=15280]
[72,83,44, i=15282]
[72,83,54, i=15283]
[72,83,64, i=15284]
[72,83,74, i=15285]
[72,83,94, i=15287]
[72,83,15, i=15288]
[72,83,35, i=15290]
[72,83,65, i=15293]
[72,83,85, i=15295]
[72,83,36, i=15299]
[72,83,46, i=15300]
[72,83,76, i=15303]
[72,83,86, i=15304]
[72,93,14, i=15305]
[72,93,24, i=15306]
[72,93,44, i=15308]
[72,93,54, i=15309]
[72,93,74, i=15311]
[72,93,84, i=15312]
[72,93,15, i=15314]
[72,93,65, i=15319]
[72,93,75, i=15320]
[72,93,85, i=15321]
[72,93,36, i=15325]
[72,93,46, i=15326]
[72,93,56, i=15327]
[72,93,66, i=15328]
[72,93,76, i=15329]
[72,14,44, i=15333]
[72,14,74, i=15336]
[72,14,84, i=15337]
[72,14,25, i=15340]
[72,14,35, i=15341]
[72,14,45, i=15342]
[72,14,55, i=15343]
[72,14,65, i=15344]
[72,14,75, i=15345]
[72,14,36, i=15350]
[72,14,56, i=15352]
[72,14,66, i=15353]
[72,24,35, i=15365]
[72,24,46, i=15375]
[72,34,44, i=15380]
[72,34,94, i=15385]
[72,34,15, i=15386]
[72,34,65, i=15391]
[72,34,56, i=15399]
[72,44,64, i=15404]
[72,44,74, i=15405]
[72,44,84, i=15406]
[72,44,15, i=15408]
[72,44,55, i=15412]
[72,44,56, i=15421]
[72,54,64, i=15425]
[72,54,74, i=15426]
[72,54,25, i=15430]
[72,54,75, i=15435]
[72,54,36, i=15440]
[72,54,46, i=15441]
[72,54,56, i=15442]
[72,54,76, i=15444]
[72,64,35, i=15451]
[72,64,65, i=15454]
[72,64,85, i=15456]
[72,64,36, i=15460]
[72,74,84, i=15466]
[72,74,94, i=15467]
[72,74,65, i=15473]
[72,74,85, i=15475]
[72,74,56, i=15481]
[72,74,66, i=15482]
[72,84,94, i=15485]
[72,94,15, i=15503]
[72,94,25, i=15504]
[72,94,55, i=15507]
[72,94,85, i=15510]
[72,94,26, i=15513]
[72,94,36, i=15514]
[72,94,46, i=15515]
[72,94,76, i=15518]
[72,15,25, i=15520]
[72,15,26, i=15529]
[72,35,55, i=15552]
[72,35,65, i=15553]
[72,35,26, i=15558]
[72,35,56, i=15561]
[72,45,56, i=15574]
[72,55,65, i=15578]
[72,65,56, i=15597]
[72,65,66, i=15598]
[72,65,76, i=15599]
[72,75,85, i=15601]
[72,75,36, i=15605]
[72,75,76, i=15609]
[72,85,76, i=15618]
[72,16,46, i=15630]
[72,26,56, i=15637]
[72,26,66, i=15638]
[72,56,76, i=15651]
[82,92,13, i=15656]
[82,92,63, i=15661]
[82,92,73, i=15662]
[82,92,74, i=15671]
[82,92,65, i=15679]
[82,92,36, i=15685]
[82,92,56, i=15687]
[82,13,93, i=15698]
[82,13,34, i=15701]
[82,13,45, i=15711]
[82,13,85, i=15715]
[82,13,56, i=15721]
[82,23,93, i=15731]
[82,23,34, i=15734]
[82,23,85, i=15748]
[82,33,85, i=15780]
[82,43,85, i=15811]
[82,53,93, i=15824]
[82,53,44, i=15828]
[82,53,64, i=15830]
[82,53,85, i=15841]
[82,63,93, i=15853]
[82,63,44, i=15857]
[82,63,85, i=15870]
[82,63,36, i=15874]
[82,73,44, i=15885]
[82,73,84, i=15889]
[82,83,74, i=15915]
[82,83,94, i=15917]
[82,93,14, i=15935]
[82,93,24, i=15936]
[82,93,54, i=15939]
[82,93,64, i=15940]
[82,93,84, i=15942]
[82,93,25, i=15945]
[82,93,35, i=15946]
[82,93,45, i=15947]
[82,93,55, i=15948]
[82,93,26, i=15954]
[82,93,36, i=15955]
[82,93,46, i=15956]
[82,93,66, i=15958]
[82,93,76, i=15959]
[82,14,94, i=15968]
[82,14,55, i=15973]
[82,14,85, i=15976]
[82,14,56, i=15982]
[82,24,35, i=15995]
[82,24,85, i=16000]
[82,34,15, i=16016]
[82,34,85, i=16023]
[82,44,94, i=16037]
[82,44,65, i=16043]
[82,44,85, i=16045]
[82,54,94, i=16058]
[82,54,15, i=16059]
[82,54,85, i=16066]
[82,64,94, i=16078]
[82,64,85, i=16086]
[82,64,56, i=16092]
[82,74,56, i=16111]
[82,94,15, i=16133]
[82,94,25, i=16134]
[82,94,35, i=16135]
[82,94,85, i=16140]
[82,94,56, i=16146]
[82,15,26, i=16159]
[82,25,55, i=16168]
[82,25,85, i=16171]
[82,25,36, i=16175]
[82,35,85, i=16185]
[82,55,85, i=16210]
[82,65,85, i=16221]
[82,65,56, i=16227]
[82,65,66, i=16228]
[82,85,26, i=16243]
[82,85,46, i=16245]
[82,85,66, i=16247]
[82,85,76, i=16248]
[82,46,76, i=16278]
[92,13,15, i=16303]
[92,13,25, i=16304]
[92,13,46, i=16315]
[92,23,34, i=16329]
[92,23,64, i=16332]
[92,23,74, i=16333]
[92,33,73, i=16356]
[92,33,14, i=16359]
[92,33,44, i=16362]
[92,33,74, i=16365]
[92,33,25, i=16369]
[92,33,65, i=16373]
[92,33,36, i=16379]
[92,33,46, i=16380]
[92,43,14, i=16390]
[92,43,34, i=16392]
[92,43,74, i=16396]
[92,43,45, i=16402]
[92,43,46, i=16411]
[92,53,63, i=16416]
[92,53,24, i=16421]
[92,53,36, i=16440]
[92,63,83, i=16447]
[92,63,74, i=16455]
[92,73,83, i=16475]
[92,73,44, i=16480]
[92,73,64, i=16482]
[92,73,65, i=16491]
[92,73,85, i=16493]
[92,73,26, i=16496]
[92,73,56, i=16499]
[92,73,66, i=16500]
[92,83,14, i=16504]
[92,83,64, i=16509]
[92,83,74, i=16510]
[92,83,94, i=16512]
[92,83,56, i=16526]
[92,83,76, i=16528]
[92,93,85, i=16546]
[92,14,34, i=16557]
[92,14,25, i=16565]
[92,14,65, i=16569]
[92,14,85, i=16571]
[92,14,46, i=16576]
[92,14,56, i=16577]
[92,24,74, i=16585]
[92,34,44, i=16605]
[92,34,74, i=16608]
[92,34,94, i=16610]
[92,34,85, i=16618]
[92,44,74, i=16630]
[92,44,56, i=16646]
[92,44,66, i=16647]
[92,54,74, i=16651]
[92,54,94, i=16653]
[92,54,15, i=16654]
[92,54,55, i=16658]
[92,54,65, i=16659]
[92,54,85, i=16661]
[92,54,56, i=16667]
[92,54,66, i=16668]
[92,64,74, i=16671]
[92,64,94, i=16673]
[92,64,35, i=16676]
[92,64,85, i=16681]
[92,64,56, i=16687]
[92,64,66, i=16688]
[92,74,35, i=16695]
[92,74,45, i=16696]
[92,74,85, i=16700]
[92,74,95, i=16701]
[92,74,36, i=16704]
[92,74,56, i=16706]
[92,74,76, i=16708]
[92,84,85, i=16718]
[92,84,95, i=16719]
[92,94,85, i=16735]
[92,94,76, i=16743]
[92,15,65, i=16749]
[92,15,26, i=16754]
[92,15,56, i=16757]
[92,45,56, i=16799]
[92,55,46, i=16810]
[92,65,85, i=16816]
[92,65,56, i=16822]
[92,85,36, i=16839]
[92,85,56, i=16841]
[92,85,66, i=16842]
[92,85,76, i=16843]
[13,23,33, i=16881]
[13,23,43, i=16882]
[13,23,83, i=16886]
[13,23,24, i=16889]
[13,23,34, i=16890]
[13,23,64, i=16893]
[13,23,94, i=16896]
[13,23,15, i=16897]
[13,23,25, i=16898]
[13,23,45, i=16900]
[13,23,55, i=16901]
[13,23,85, i=16904]
[13,23,36, i=16908]
[13,23,66, i=16911]
[13,33,24, i=16921]
[13,33,35, i=16931]
[13,33,85, i=16936]
[13,33,56, i=16942]
[13,33,66, i=16943]
[13,43,73, i=16948]
[13,43,24, i=16952]
[13,43,64, i=16956]
[13,43,36, i=16971]
[13,43,66, i=16974]
[13,53,83, i=16979]
[13,53,64, i=16986]
[13,53,94, i=16989]
[13,53,35, i=16992]
[13,53,85, i=16997]
[13,53,56, i=17003]
[13,53,66, i=17004]
[13,63,24, i=17011]
[13,63,64, i=17015]
[13,63,36, i=17030]
[13,63,46, i=17031]
[13,63,56, i=17032]
[13,63,66, i=17033]
[13,73,24, i=17039]
[13,73,34, i=17040]
[13,73,54, i=17042]
[13,73,85, i=17054]
[13,73,46, i=17059]
[13,73,56, i=17060]
[13,73,66, i=17061]
[13,83,93, i=17064]
[13,83,34, i=17067]
[13,83,44, i=17068]
[13,83,54, i=17069]
[13,83,64, i=17070]
[13,83,74, i=17071]
[13,83,75, i=17080]
[13,83,66, i=17088]
[13,93,24, i=17092]
[13,93,44, i=17094]
[13,93,56, i=17113]
[13,14,36, i=17136]
[13,24,34, i=17142]
[13,24,44, i=17143]
[13,24,64, i=17145]
[13,24,74, i=17146]
[13,24,15, i=17149]
[13,24,25, i=17150]
[13,24,55, i=17153]
[13,24,95, i=17157]
[13,24,46, i=17161]
[13,24,66, i=17163]
[13,34,94, i=17171]
[13,34,45, i=17175]
[13,34,55, i=17176]
[13,44,64, i=17190]
[13,44,94, i=17193]
[13,44,15, i=17194]
[13,44,25, i=17195]
[13,44,35, i=17196]
[13,44,55, i=17198]
[13,44,36, i=17205]
[13,44,66, i=17208]
[13,44,76, i=17209]
[13,54,35, i=17217]
[13,54,65, i=17220]
[13,54,46, i=17227]
[13,64,25, i=17236]
[13,64,35, i=17237]
[13,64,45, i=17238]
[13,64,55, i=17239]
[13,64,75, i=17241]
[13,64,85, i=17242]
[13,64,86, i=17251]
[13,74,35, i=17256]
[13,74,65, i=17259]
[13,74,85, i=17261]
[13,74,26, i=17264]
[13,74,56, i=17267]
[13,84,94, i=17271]
[13,84,56, i=17285]
[13,94,85, i=17296]
[13,94,46, i=17301]
[13,94,56, i=17302]
[13,15,25, i=17306]
[13,15,65, i=17310]
[13,15,26, i=17315]
[13,35,85, i=17341]
[13,35,26, i=17344]
[13,35,36, i=17345]
[13,35,46, i=17346]
[13,35,66, i=17348]
[13,55,46, i=17371]
[13,55,56, i=17372]
[13,55,66, i=17373]
[13,65,46, i=17382]
[13,65,56, i=17383]
[13,65,66, i=17384]
[13,75,56, i=17393]
[13,85,76, i=17404]
[13,26,46, i=17422]
[13,26,56, i=17423]
[13,36,56, i=17428]
[13,46,66, i=17433]
[13,46,76, i=17434]
[13,56,66, i=17436]
[23,33,53, i=17443]
[23,33,73, i=17445]
[23,33,83, i=17446]
[23,33,44, i=17451]
[23,33,74, i=17454]
[23,33,55, i=17461]
[23,33,65, i=17462]
[23,33,56, i=17470]
[23,43,63, i=17475]
[23,43,14, i=17479]
[23,43,34, i=17481]
[23,43,15, i=17488]
[23,43,25, i=17489]
[23,43,65, i=17493]
[23,43,26, i=17498]
[23,43,36, i=17499]
[23,43,56, i=17501]
[23,43,66, i=17502]
[23,53,83, i=17507]
[23,53,14, i=17509]
[23,53,54, i=17513]
[23,53,65, i=17523]
[23,53,36, i=17529]
[23,53,76, i=17533]
[23,63,93, i=17537]
[23,63,14, i=17538]
[23,63,24, i=17539]
[23,63,54, i=17542]
[23,63,64, i=17543]
[23,63,74, i=17544]
[23,63,56, i=17560]
[23,73,14, i=17566]
[23,73,34, i=17568]
[23,73,44, i=17569]
[23,73,54, i=17570]
[23,73,15, i=17575]
[23,73,55, i=17579]
[23,73,75, i=17581]
[23,73,85, i=17582]
[23,73,56, i=17588]
[23,73,76, i=17590]
[23,83,44, i=17596]
[23,83,45, i=17605]
[23,83,85, i=17609]
[23,83,36, i=17613]
[23,83,46, i=17614]
[23,93,65, i=17633]
[23,93,85, i=17635]
[23,93,26, i=17638]
[23,93,36, i=17639]
[23,14,64, i=17649]
[23,14,94, i=17652]
[23,14,25, i=17654]
[23,14,35, i=17655]
[23,14,55, i=17657]
[23,14,85, i=17660]
[23,14,26, i=17663]
[23,14,36, i=17664]
[23,14,46, i=17665]
[23,14,56, i=17666]
[23,14,66, i=17667]
[23,14,76, i=17668]
[23,24,46, i=17689]
[23,34,44, i=17694]
[23,34,54, i=17695]
[23,34,64, i=17696]
[23,34,74, i=17697]
[23,34,35, i=17702]
[23,34,65, i=17705]
[23,34,46, i=17712]
[23,44,55, i=17726]
[23,44,65, i=17727]
[23,44,85, i=17729]
[23,44,36, i=17733]
[23,44,46, i=17734]
[23,44,56, i=17735]
[23,44,66, i=17736]
[23,54,74, i=17740]
[23,54,25, i=17744]
[23,54,45, i=17746]
[23,54,55, i=17747]
[23,54,65, i=17748]
[23,54,66, i=17757]
[23,54,86, i=17759]
[23,64,55, i=17767]
[23,64,65, i=17768]
[23,64,85, i=17770]
[23,64,46, i=17775]
[23,64,56, i=17776]
[23,74,94, i=17781]
[23,74,65, i=17787]
[23,74,75, i=17788]
[23,74,66, i=17796]
[23,74,76, i=17797]
[23,94,45, i=17820]
[23,94,55, i=17821]
[23,94,85, i=17824]
[23,94,36, i=17828]
[23,15,65, i=17838]
[23,15,26, i=17843]
[23,15,66, i=17847]
[23,25,55, i=17852]
[23,35,66, i=17876]
[23,45,75, i=17881]
[23,45,56, i=17888]
[23,55,46, i=17899]
[23,55,66, i=17901]
[23,65,85, i=17905]
[23,75,16, i=17917]
[23,75,46, i=17920]
[23,75,56, i=17921]
[23,75,66, i=17922]
[23,75,86, i=17924]
[23,85,36, i=17928]
[23,85,76, i=17932]
[23,26,46, i=17950]
[23,36,46, i=17955]
[23,36,66, i=17957]
[33,43,53, i=17970]
[33,43,73, i=17972]
[33,43,14, i=17975]
[33,43,54, i=17979]
[33,43,64, i=17980]
[33,43,94, i=17983]
[33,43,75, i=17990]
[33,43,85, i=17991]
[33,43,26, i=17994]
[33,43,66, i=17998]
[33,53,63, i=18001]
[33,53,83, i=18003]
[33,53,24, i=18006]
[33,53,44, i=18008]
[33,53,75, i=18020]
[33,53,85, i=18021]
[33,53,36, i=18025]
[33,53,46, i=18026]
[33,53,56, i=18027]
[33,63,83, i=18032]
[33,63,93, i=18033]
[33,63,34, i=18036]
[33,63,44, i=18037]
[33,63,64, i=18039]
[33,63,74, i=18040]
[33,63,15, i=18043]
[33,63,35, i=18045]
[33,63,55, i=18047]
[33,63,65, i=18048]
[33,63,56, i=18056]
[33,63,76, i=18058]
[33,73,83, i=18060]
[33,73,14, i=18062]
[33,73,94, i=18070]
[33,73,35, i=18073]
[33,73,85, i=18078]
[33,73,16, i=18080]
[33,73,26, i=18081]
[33,83,93, i=18088]
[33,83,34, i=18091]
[33,83,44, i=18092]
[33,83,54, i=18093]
[33,83,74, i=18095]
[33,83,94, i=18097]
[33,83,15, i=18098]
[33,83,46, i=18110]
[33,83,56, i=18111]
[33,83,76, i=18113]
[33,93,34, i=18117]
[33,93,74, i=18121]
[33,93,15, i=18124]
[33,93,75, i=18130]
[33,93,36, i=18135]
[33,93,46, i=18136]
[33,93,56, i=18137]
[33,93,66, i=18138]
[33,14,24, i=18141]
[33,14,34, i=18142]
[33,14,44, i=18143]
[33,14,54, i=18144]
[33,14,94, i=18148]
[33,14,25, i=18150]
[33,14,35, i=18151]
[33,14,65, i=18154]
[33,14,16, i=18158]
[33,14,36, i=18160]
[33,14,56, i=18162]
[33,14,66, i=18163]
[33,14,76, i=18164]
[33,24,54, i=18168]
[33,24,15, i=18173]
[33,24,55, i=18177]
[33,24,65, i=18178]
[33,24,75, i=18179]
[33,34,15, i=18196]
[33,34,25, i=18197]
[33,34,45, i=18199]
[33,34,55, i=18200]
[33,34,85, i=18203]
[33,34,16, i=18205]
[33,34,46, i=18208]
[33,34,56, i=18209]
[33,44,54, i=18213]
[33,44,64, i=18214]
[33,44,74, i=18215]
[33,44,94, i=18217]
[33,44,15, i=18218]
[33,44,35, i=18220]
[33,44,36, i=18229]
[33,44,56, i=18231]
[33,44,76, i=18233]
[33,54,64, i=18235]
[33,54,15, i=18239]
[33,54,35, i=18241]
[33,54,45, i=18242]
[33,54,26, i=18249]
[33,54,76, i=18254]
[33,64,15, i=18259]
[33,64,55, i=18263]
[33,64,85, i=18266]
[33,64,26, i=18269]
[33,64,76, i=18274]
[33,74,94, i=18277]
[33,74,15, i=18278]
[33,74,35, i=18280]
[33,74,85, i=18285]
[33,74,26, i=18288]
[33,74,46, i=18290]
[33,74,66, i=18292]
[33,94,35, i=18315]
[33,94,45, i=18316]
[33,94,65, i=18318]
[33,94,85, i=18320]
[33,94,46, i=18325]
[33,94,56, i=18326]
[33,15,25, i=18330]
[33,15,55, i=18333]
[33,15,95, i=18337]
[33,15,26, i=18339]
[33,15,36, i=18340]
[33,15,56, i=18342]
[33,15,66, i=18343]
[33,25,56, i=18357]
[33,35,26, i=18368]
[33,35,36, i=18369]
[33,35,56, i=18371]
[33,45,65, i=18376]
[33,45,46, i=18383]
[33,45,56, i=18384]
[33,55,85, i=18390]
[33,55,56, i=18396]
[33,55,66, i=18397]
[33,55,76, i=18398]
[33,65,85, i=18401]
[33,65,56, i=18407]
[33,75,86, i=18420]
[33,85,56, i=18426]
[33,85,76, i=18428]
[33,16,56, i=18441]
[33,26,46, i=18446]
[33,26,56, i=18447]
[33,36,56, i=18452]
[43,53,73, i=18467]
[43,53,83, i=18468]
[43,53,24, i=18471]
[43,53,44, i=18473]
[43,53,64, i=18475]
[43,53,74, i=18476]
[43,53,55, i=18483]
[43,53,26, i=18489]
[43,53,56, i=18492]
[43,53,66, i=18493]
[43,63,83, i=18497]
[43,63,74, i=18505]
[43,63,15, i=18508]
[43,63,45, i=18511]
[43,63,95, i=18516]
[43,63,56, i=18521]
[43,73,14, i=18527]
[43,73,44, i=18530]
[43,73,64, i=18532]
[43,73,36, i=18547]
[43,73,46, i=18548]
[43,73,66, i=18550]
[43,83,93, i=18553]
[43,83,14, i=18554]
[43,83,54, i=18558]
[43,83,64, i=18559]
[43,83,74, i=18560]
[43,83,15, i=18563]
[43,83,25, i=18564]
[43,83,75, i=18569]
[43,83,85, i=18570]
[43,83,26, i=18573]
[43,83,36, i=18574]
[43,83,56, i=18576]
[43,93,54, i=18584]
[43,93,45, i=18592]
[43,93,16, i=18598]
[43,93,46, i=18601]
[43,14,34, i=18607]
[43,14,44, i=18608]
[43,14,54, i=18609]
[43,14,64, i=18610]
[43,14,74, i=18611]
[43,14,84, i=18612]
[43,14,25, i=18615]
[43,14,35, i=18616]
[43,14,55, i=18618]
[43,14,65, i=18619]
[43,14,75, i=18620]
[43,14,36, i=18625]
[43,14,46, i=18626]
[43,14,56, i=18627]
[43,24,65, i=18643]
[43,24,56, i=18651]
[43,24,66, i=18652]
[43,34,44, i=18655]
[43,34,74, i=18658]
[43,34,25, i=18662]
[43,34,45, i=18664]
[43,34,46, i=18673]
[43,34,56, i=18674]
[43,44,54, i=18678]
[43,44,95, i=18691]
[43,44,26, i=18693]
[43,54,74, i=18701]
[43,54,84, i=18702]
[43,54,15, i=18704]
[43,54,35, i=18706]
[43,54,45, i=18707]
[43,54,65, i=18709]
[43,54,85, i=18711]
[43,64,74, i=18721]
[43,64,94, i=18723]
[43,64,35, i=18726]
[43,64,65, i=18729]
[43,64,75, i=18730]
[43,64,85, i=18731]
[43,64,26, i=18734]
[43,64,46, i=18736]
[43,64,56, i=18737]
[43,74,94, i=18742]
[43,74,35, i=18745]
[43,74,85, i=18750]
[43,74,36, i=18754]
[43,74,86, i=18759]
[43,84,94, i=18760]
[43,84,85, i=18768]
[43,94,45, i=18781]
[43,94,55, i=18782]
[43,94,85, i=18785]
[43,94,36, i=18789]
[43,94,46, i=18790]
[43,94,56, i=18791]
[43,15,65, i=18799]
[43,15,95, i=18802]
[43,15,26, i=18804]
[43,15,66, i=18808]
[43,35,46, i=18835]
[43,35,76, i=18838]
[43,45,56, i=18849]
[43,55,85, i=18855]
[43,55,36, i=18859]
[43,65,36, i=18870]
[43,65,56, i=18872]
[43,85,95, i=18886]
[43,85,76, i=18893]
[43,36,56, i=18917]
[43,36,76, i=18919]
[43,56,66, i=18925]
[43,56,86, i=18927]
[53,63,54, i=18938]
[53,63,15, i=18943]
[53,63,25, i=18944]
[53,63,45, i=18946]
[53,63,56, i=18956]
[53,63,66, i=18957]
[53,73,83, i=18960]
[53,73,14, i=18962]
[53,73,74, i=18968]
[53,73,25, i=18972]
[53,73,55, i=18975]
[53,73,56, i=18984]
[53,73,66, i=18985]
[53,83,34, i=18991]
[53,83,44, i=18992]
[53,83,54, i=18993]
[53,83,64, i=18994]
[53,83,94, i=18997]
[53,83,15, i=18998]
[53,83,26, i=19008]
[53,83,36, i=19009]
[53,83,56, i=19011]
[53,83,66, i=19012]
[53,93,26, i=19034]
[53,93,76, i=19039]
[53,14,24, i=19041]
[53,14,34, i=19042]
[53,14,15, i=19049]
[53,14,35, i=19051]
[53,14,36, i=19060]
[53,14,46, i=19061]
[53,14,56, i=19062]
[53,14,66, i=19063]
[53,14,76, i=19064]
[53,24,34, i=19066]
[53,24,44, i=19067]
[53,24,35, i=19075]
[53,34,44, i=19090]
[53,34,64, i=19092]
[53,34,15, i=19096]
[53,34,45, i=19099]
[53,34,55, i=19100]
[53,34,65, i=19101]
[53,34,85, i=19103]
[53,34,46, i=19108]
[53,44,74, i=19115]
[53,44,94, i=19117]
[53,44,35, i=19120]
[53,44,45, i=19121]
[53,44,65, i=19123]
[53,44,36, i=19129]
[53,44,76, i=19133]
[53,54,94, i=19138]
[53,54,65, i=19144]
[53,54,85, i=19146]
[53,54,16, i=19148]
[53,54,56, i=19152]
[53,54,66, i=19153]
[53,64,94, i=19158]
[53,64,15, i=19159]
[53,64,35, i=19161]
[53,64,46, i=19171]
[53,64,66, i=19173]
[53,64,76, i=19174]
[53,64,86, i=19175]
[53,74,45, i=19181]
[53,74,65, i=19183]
[53,74,85, i=19185]
[53,74,16, i=19187]
[53,74,56, i=19191]
[53,74,66, i=19192]
[53,84,85, i=19203]
[53,94,15, i=19213]
[53,94,65, i=19218]
[53,94,85, i=19220]
[53,94,46, i=19225]
[53,94,56, i=19226]
[53,15,45, i=19232]
[53,15,26, i=19239]
[53,15,36, i=19240]
[53,15,56, i=19242]
[53,25,56, i=19257]
[53,35,36, i=19269]
[53,35,46, i=19270]
[53,45,65, i=19276]
[53,45,36, i=19282]
[53,55,85, i=19290]
[53,55,95, i=19291]
[53,55,36, i=19294]
[53,55,46, i=19295]
[53,65,16, i=19303]
[53,65,56, i=19307]
[53,65,66, i=19308]
[53,75,36, i=19315]
[53,75,86, i=19320]
[53,85,26, i=19323]
[53,85,76, i=19328]
[53,26,66, i=19348]
[53,46,56, i=19356]
[53,46,76, i=19358]
[63,73,83, i=19366]
[63,73,24, i=19369]
[63,73,64, i=19373]
[63,73,65, i=19382]
[63,73,76, i=19392]
[63,83,14, i=19395]
[63,83,24, i=19396]
[63,83,44, i=19398]
[63,83,64, i=19400]
[63,83,74, i=19401]
[63,83,55, i=19408]
[63,83,65, i=19409]
[63,83,26, i=19414]
[63,83,46, i=19416]
[63,83,56, i=19417]
[63,83,66, i=19418]
[63,93,54, i=19425]
[63,93,25, i=19431]
[63,93,65, i=19435]
[63,93,85, i=19437]
[63,93,16, i=19439]
[63,93,56, i=19443]
[63,14,44, i=19449]
[63,14,54, i=19450]
[63,14,15, i=19455]
[63,14,35, i=19457]
[63,14,45, i=19458]
[63,14,55, i=19459]
[63,14,75, i=19461]
[63,14,36, i=19466]
[63,14,46, i=19467]
[63,14,56, i=19468]
[63,14,66, i=19469]
[63,14,86, i=19471]
[63,24,34, i=19472]
[63,24,54, i=19474]
[63,24,84, i=19477]
[63,34,44, i=19496]
[63,34,64, i=19498]
[63,34,45, i=19505]
[63,34,56, i=19515]
[63,34,66, i=19516]
[63,44,74, i=19521]
[63,44,84, i=19522]
[63,44,94, i=19523]
[63,44,46, i=19536]
[63,44,56, i=19537]
[63,54,74, i=19542]
[63,54,84, i=19543]
[63,54,94, i=19544]
[63,54,45, i=19548]
[63,54,65, i=19550]
[63,54,85, i=19552]
[63,54,36, i=19556]
[63,54,46, i=19557]
[63,54,56, i=19558]
[63,64,75, i=19571]
[63,64,56, i=19578]
[63,64,76, i=19580]
[63,74,94, i=19583]
[63,74,15, i=19584]
[63,74,35, i=19586]
[63,74,45, i=19587]
[63,74,55, i=19588]
[63,74,65, i=19589]
[63,74,75, i=19590]
[63,74,26, i=19594]
[63,74,46, i=19596]
[63,74,56, i=19597]
[63,74,66, i=19598]
[63,74,76, i=19599]
[63,84,45, i=19605]
[63,84,66, i=19616]
[63,94,45, i=19622]
[63,94,65, i=19624]
[63,94,85, i=19626]
[63,94,36, i=19630]
[63,15,26, i=19645]
[63,15,46, i=19647]
[63,15,56, i=19648]
[63,25,75, i=19656]
[63,25,76, i=19665]
[63,35,85, i=19671]
[63,35,26, i=19674]
[63,35,36, i=19675]
[63,35,66, i=19678]
[63,45,75, i=19683]
[63,45,36, i=19688]
[63,45,46, i=19689]
[63,45,56, i=19690]
[63,45,76, i=19692]
[63,55,85, i=19696]
[63,55,36, i=19700]
[63,55,46, i=19701]
[63,55,66, i=19703]
[63,65,36, i=19711]
[63,65,56, i=19713]
[63,75,85, i=19717]
[63,75,46, i=19722]
[63,75,56, i=19723]
[63,75,76, i=19725]
[63,85,16, i=19728]
[63,85,46, i=19731]
[63,85,56, i=19732]
[63,85,66, i=19733]
[63,85,76, i=19734]
[63,95,56, i=19740]
[63,26,66, i=19754]
[63,36,56, i=19758]
[63,36,66, i=19759]
[73,83,93, i=19772]
[73,83,24, i=19774]
[73,83,34, i=19775]
[73,83,54, i=19777]
[73,83,64, i=19778]
[73,83,74, i=19779]
[73,83,94, i=19781]
[73,83,25, i=19783]
[73,83,45, i=19785]
[73,83,55, i=19786]
[73,83,75, i=19788]
[73,83,36, i=19793]
[73,83,46, i=19794]
[73,83,86, i=19798]
[73,93,76, i=19823]
[73,14,94, i=19832]
[73,14,25, i=19834]
[73,14,95, i=19841]
[73,14,46, i=19845]
[73,14,66, i=19847]
[73,24,64, i=19853]
[73,24,85, i=19864]
[73,24,36, i=19868]
[73,24,46, i=19869]
[73,34,44, i=19874]
[73,34,54, i=19875]
[73,34,74, i=19877]
[73,34,35, i=19882]
[73,34,45, i=19883]
[73,34,85, i=19887]
[73,34,56, i=19893]
[73,44,54, i=19897]
[73,44,64, i=19898]
[73,44,55, i=19906]
[73,44,85, i=19909]
[73,44,46, i=19914]
[73,44,56, i=19915]
[73,44,66, i=19916]
[73,54,94, i=19922]
[73,54,85, i=19930]
[73,54,16, i=19932]
[73,54,26, i=19933]
[73,54,56, i=19936]
[73,54,66, i=19937]
[73,64,84, i=19941]
[73,64,94, i=19942]
[73,64,55, i=19947]
[73,64,65, i=19948]
[73,64,85, i=19950]
[73,64,46, i=19955]
[73,64,56, i=19956]
[73,64,66, i=19957]
[73,74,15, i=19962]
[73,74,25, i=19963]
[73,74,55, i=19966]
[73,74,36, i=19973]
[73,84,35, i=19982]
[73,84,85, i=19987]
[73,84,95, i=19988]
[73,84,36, i=19991]
[73,84,56, i=19993]
[73,94,25, i=19998]
[73,94,35, i=19999]
[73,94,85, i=20004]
[73,94,36, i=20008]
[73,94,56, i=20010]
[73,94,76, i=20012]
[73,15,26, i=20023]
[73,25,35, i=20030]
[73,25,85, i=20035]
[73,25,36, i=20039]
[73,35,76, i=20057]
[73,55,26, i=20077]
[73,55,36, i=20078]
[73,55,46, i=20079]
[73,55,76, i=20082]
[73,65,85, i=20085]
[73,75,85, i=20095]
[73,75,66, i=20102]
[73,85,36, i=20108]
[73,85,56, i=20110]
[73,85,76, i=20112]
[73,95,66, i=20119]
[73,26,66, i=20132]
[73,36,56, i=20136]
[73,46,76, i=20142]
[83,93,34, i=20152]
[83,93,44, i=20153]
[83,93,64, i=20155]
[83,93,74, i=20156]
[83,93,15, i=20159]
[83,93,55, i=20163]
[83,93,65, i=20164]
[83,93,85, i=20166]
[83,93,26, i=20169]
[83,93,36, i=20170]
[83,93,56, i=20172]
[83,93,86, i=20175]
[83,14,44, i=20178]
[83,14,64, i=20180]
[83,14,74, i=20181]
[83,14,94, i=20183]
[83,14,35, i=20186]
[83,14,55, i=20188]
[83,14,75, i=20190]
[83,14,36, i=20195]
[83,14,46, i=20196]
[83,14,56, i=20197]
[83,24,34, i=20201]
[83,24,44, i=20202]
[83,24,54, i=20203]
[83,24,74, i=20205]
[83,24,94, i=20207]
[83,24,46, i=20220]
[83,24,66, i=20222]
[83,34,44, i=20225]
[83,34,64, i=20227]
[83,34,74, i=20228]
[83,34,15, i=20231]
[83,34,45, i=20234]
[83,34,85, i=20238]
[83,34,46, i=20243]
[83,34,66, i=20245]
[83,44,74, i=20250]
[83,44,94, i=20252]
[83,44,35, i=20255]
[83,44,55, i=20257]
[83,44,26, i=20263]
[83,44,66, i=20267]
[83,54,64, i=20270]
[83,54,74, i=20271]
[83,54,84, i=20272]
[83,54,94, i=20273]
[83,54,25, i=20275]
[83,54,35, i=20276]
[83,54,65, i=20279]
[83,54,75, i=20280]
[83,54,85, i=20281]
[83,54,46, i=20286]
[83,54,56, i=20287]
[83,54,76, i=20289]
[83,64,25, i=20295]
[83,64,35, i=20296]
[83,64,26, i=20304]
[83,64,36, i=20305]
[83,74,94, i=20312]
[83,74,35, i=20315]
[83,74,45, i=20316]
[83,74,55, i=20317]
[83,74,65, i=20318]
[83,74,85, i=20320]
[83,74,26, i=20323]
[83,74,36, i=20324]
[83,74,56, i=20326]
[83,74,66, i=20327]
[83,74,76, i=20328]
[83,74,86, i=20329]
[83,84,94, i=20330]
[83,84,85, i=20338]
[83,84,95, i=20339]
[83,84,36, i=20342]
[83,84,66, i=20345]
[83,94,15, i=20348]
[83,94,45, i=20351]
[83,94,55, i=20352]
[83,94,85, i=20355]
[83,94,95, i=20356]
[83,94,26, i=20358]
[83,94,56, i=20361]
[83,94,66, i=20362]
[83,94,76, i=20363]
[83,15,45, i=20367]
[83,15,26, i=20374]
[83,25,55, i=20383]
[83,25,36, i=20390]
[83,35,55, i=20397]
[83,35,65, i=20398]
[83,35,36, i=20404]
[83,45,85, i=20413]
[83,45,36, i=20417]
[83,45,46, i=20418]
[83,55,65, i=20423]
[83,55,46, i=20430]
[83,55,76, i=20433]
[83,75,85, i=20446]
[83,75,36, i=20450]
[83,75,46, i=20451]
[83,75,56, i=20452]
[83,85,56, i=20461]
[83,85,76, i=20463]
[83,36,46, i=20486]
[83,36,56, i=20487]
[83,56,76, i=20496]
[93,14,15, i=20509]
[93,14,55, i=20513]
[93,14,85, i=20516]
[93,14,36, i=20520]
[93,14,46, i=20521]
[93,14,56, i=20522]
[93,24,34, i=20526]
[93,24,35, i=20535]
[93,24,46, i=20545]
[93,34,64, i=20552]
[93,34,45, i=20559]
[93,34,85, i=20563]
[93,34,36, i=20567]
[93,34,46, i=20568]
[93,34,56, i=20569]
[93,44,54, i=20573]
[93,44,36, i=20589]
[93,54,35, i=20601]
[93,54,65, i=20604]
[93,54,85, i=20606]
[93,54,36, i=20610]
[93,64,75, i=20625]
[93,64,36, i=20630]
[93,64,46, i=20631]
[93,64,76, i=20634]
[93,74,65, i=20643]
[93,74,85, i=20645]
[93,74,36, i=20649]
[93,74,66, i=20652]
[93,84,75, i=20662]
[93,84,85, i=20663]
[93,84,95, i=20664]
[93,84,36, i=20667]
[93,94,85, i=20680]
[93,15,26, i=20699]
[93,15,36, i=20700]
[93,25,36, i=20715]
[93,35,85, i=20725]
[93,45,76, i=20746]
[93,55,75, i=20749]
[93,55,56, i=20756]
[93,55,66, i=20757]
[93,65,46, i=20766]
[93,65,56, i=20767]
[93,75,85, i=20771]
[93,75,66, i=20778]
[93,75,76, i=20779]
[93,75,86, i=20780]
[93,85,16, i=20782]
[93,85,46, i=20785]
[93,85,56, i=20786]
[93,85,76, i=20788]
[93,36,66, i=20813]
[93,46,76, i=20818]
[14,24,64, i=20829]
[14,24,94, i=20832]
[14,24,35, i=20835]
[14,24,55, i=20837]
[14,24,65, i=20838]
[14,24,36, i=20844]
[14,24,46, i=20845]
[14,24,56, i=20846]
[14,24,66, i=20847]
[14,24,76, i=20848]
[14,34,54, i=20851]
[14,34,64, i=20852]
[14,34,74, i=20853]
[14,34,94, i=20855]
[14,34,25, i=20857]
[14,34,45, i=20859]
[14,34,65, i=20861]
[14,34,75, i=20862]
[14,34,85, i=20863]
[14,34,36, i=20867]
[14,34,56, i=20869]
[14,44,54, i=20873]
[14,44,64, i=20874]
[14,44,74, i=20875]
[14,44,84, i=20876]
[14,44,94, i=20877]
[14,44,55, i=20882]
[14,44,65, i=20883]
[14,44,85, i=20885]
[14,44,95, i=20886]
[14,44,36, i=20889]
[14,44,46, i=20890]
[14,44,56, i=20891]
[14,54,94, i=20898]
[14,54,45, i=20902]
[14,54,55, i=20903]
[14,54,75, i=20905]
[14,54,36, i=20910]
[14,64,74, i=20916]
[14,64,94, i=20918]
[14,64,35, i=20921]
[14,64,46, i=20931]
[14,64,56, i=20932]
[14,64,66, i=20933]
[14,64,76, i=20934]
[14,74,65, i=20943]
[14,74,85, i=20945]
[14,74,95, i=20946]
[14,74,36, i=20949]
[14,74,46, i=20950]
[14,84,25, i=20957]
[14,84,65, i=20961]
[14,84,85, i=20963]
[14,84,46, i=20968]
[14,94,25, i=20974]
[14,94,45, i=20976]
[14,94,55, i=20977]
[14,94,85, i=20980]
[14,94,95, i=20981]
[14,94,46, i=20985]
[14,94,66, i=20987]
[14,15,26, i=20999]
[14,25,35, i=21006]
[14,25,45, i=21007]
[14,25,85, i=21011]
[14,25,95, i=21012]
[14,25,16, i=21013]
[14,25,26, i=21014]
[14,25,36, i=21015]
[14,25,46, i=21016]
[14,25,76, i=21019]
[14,25,86, i=21020]
[14,35,75, i=21024]
[14,35,36, i=21029]
[14,35,46, i=21030]
[14,35,56, i=21031]
[14,35,66, i=21032]
[14,45,36, i=21042]
[14,45,46, i=21043]
[14,45,56, i=21044]
[14,55,85, i=21050]
[14,55,36, i=21054]
[14,65,85, i=21061]
[14,65,95, i=21062]
[14,65,56, i=21067]
[14,65,66, i=21068]
[14,75,85, i=21071]
[14,75,66, i=21078]
[14,85,36, i=21084]
[14,85,56, i=21086]
[14,85,76, i=21088]
[14,85,86, i=21089]
[14,95,46, i=21093]
[14,95,56, i=21094]
[14,36,46, i=21111]
[14,36,56, i=21112]
[14,36,66, i=21113]
[14,36,76, i=21114]
[14,46,66, i=21117]
[14,46,76, i=21118]
[14,56,66, i=21120]
[24,34,44, i=21126]
[24,34,54, i=21127]
[24,34,94, i=21131]
[24,34,55, i=21136]
[24,34,85, i=21139]
[24,34,46, i=21144]
[24,44,54, i=21149]
[24,44,94, i=21153]
[24,44,55, i=21158]
[24,44,36, i=21165]
[24,54,64, i=21171]
[24,54,15, i=21175]
[24,54,35, i=21177]
[24,54,36, i=21186]
[24,54,46, i=21187]
[24,64,74, i=21192]
[24,64,15, i=21195]
[24,64,45, i=21198]
[24,64,55, i=21199]
[24,64,65, i=21200]
[24,64,75, i=21201]
[24,64,85, i=21202]
[24,64,46, i=21207]
[24,64,56, i=21208]
[24,74,15, i=21214]
[24,74,65, i=21219]
[24,74,85, i=21221]
[24,74,56, i=21227]
[24,84,36, i=21243]
[24,94,35, i=21251]
[24,94,45, i=21252]
[24,94,85, i=21256]
[24,94,56, i=21262]
[24,15,26, i=21275]
[24,15,46, i=21277]
[24,25,35, i=21282]
[24,25,55, i=21284]
[24,25,36, i=21291]
[24,35,65, i=21299]
[24,35,85, i=21301]
[24,35,26, i=21304]
[24,35,36, i=21305]
[24,35,46, i=21306]
[24,35,56, i=21307]
[24,35,66, i=21308]
[24,45,46, i=21319]
[24,45,56, i=21320]
[24,55,65, i=21324]
[24,55,95, i=21327]
[24,55,46, i=21331]
[24,65,56, i=21343]
[24,65,66, i=21344]
[24,75,66, i=21354]
[24,85,76, i=21364]
[24,46,86, i=21395]
[24,56,76, i=21397]
[34,44,54, i=21402]
[34,44,64, i=21403]
[34,44,94, i=21406]
[34,44,55, i=21411]
[34,44,65, i=21412]
[34,44,85, i=21414]
[34,44,56, i=21420]
[34,44,66, i=21421]
[34,54,35, i=21430]
[34,54,45, i=21431]
[34,54,46, i=21440]
[34,54,56, i=21441]
[34,54,66, i=21442]
[34,64,15, i=21448]
[34,64,25, i=21449]
[34,64,45, i=21451]
[34,64,75, i=21454]
[34,64,46, i=21460]
[34,64,86, i=21464]
[34,74,94, i=21466]
[34,74,15, i=21467]
[34,74,35, i=21469]
[34,74,45, i=21470]
[34,74,65, i=21472]
[34,74,85, i=21474]
[34,74,26, i=21477]
[34,74,36, i=21478]
[34,74,46, i=21479]
[34,74,56, i=21480]
[34,84,56, i=21498]
[34,94,25, i=21503]
[34,94,85, i=21509]
[34,94,56, i=21515]
[34,15,25, i=21519]
[34,15,45, i=21521]
[34,15,26, i=21528]
[34,15,36, i=21529]
[34,15,46, i=21530]
[34,25,45, i=21536]
[34,25,65, i=21538]
[34,25,85, i=21540]
[34,25,26, i=21543]
[34,25,36, i=21544]
[34,25,56, i=21546]
[34,35,65, i=21552]
[34,35,26, i=21557]
[34,45,85, i=21567]
[34,45,36, i=21571]
[34,45,46, i=21572]
[34,45,56, i=21573]
[34,45,76, i=21575]
[34,55,85, i=21579]
[34,55,46, i=21584]
[34,55,66, i=21586]
[34,65,36, i=21594]
[34,65,56, i=21596]
[34,65,66, i=21597]
[34,65,76, i=21598]
[34,75,16, i=21602]
[34,75,66, i=21607]
[34,85,16, i=21611]
[34,85,36, i=21613]
[34,85,46, i=21614]
[34,85,56, i=21615]
[34,85,76, i=21617]
[34,16,56, i=21630]
[34,16,66, i=21631]
[34,26,56, i=21636]
[34,46,56, i=21645]
[34,46,66, i=21646]
[44,54,74, i=21656]
[44,54,94, i=21658]
[44,54,35, i=21661]
[44,54,55, i=21663]
[44,54,65, i=21664]
[44,54,75, i=21665]
[44,54,85, i=21666]
[44,64,15, i=21679]
[44,64,35, i=21681]
[44,64,55, i=21683]
[44,64,65, i=21684]
[44,64,85, i=21686]
[44,64,46, i=21691]
[44,64,66, i=21693]
[44,74,15, i=21698]
[44,74,65, i=21703]
[44,74,85, i=21705]
[44,74,95, i=21706]
[44,74,36, i=21709]
[44,84,94, i=21715]
[44,84,35, i=21718]
[44,84,55, i=21720]
[44,84,85, i=21723]
[44,94,25, i=21734]
[44,94,35, i=21735]
[44,94,85, i=21740]
[44,94,36, i=21744]
[44,94,56, i=21746]
[44,94,76, i=21748]
[44,15,65, i=21754]
[44,15,85, i=21756]
[44,15,26, i=21759]
[44,25,55, i=21768]
[44,35,55, i=21782]
[44,35,65, i=21783]
[44,35,85, i=21785]
[44,35,36, i=21789]
[44,35,56, i=21791]
[44,35,66, i=21792]
[44,35,76, i=21793]
[44,45,46, i=21803]
[44,45,56, i=21804]
[44,55,65, i=21808]
[44,55,75, i=21809]
[44,55,95, i=21811]
[44,55,16, i=21812]
[44,55,26, i=21813]
[44,55,66, i=21817]
[44,65,46, i=21826]
[44,65,66, i=21828]
[44,65,76, i=21829]
[44,75,56, i=21837]
[44,75,76, i=21839]
[44,85,76, i=21848]
[44,85,86, i=21849]
[44,26,66, i=21868]
[44,36,66, i=21873]
[54,64,74, i=21886]
[54,64,65, i=21894]
[54,64,46, i=21901]
[54,64,56, i=21902]
[54,64,76, i=21904]
[54,74,94, i=21907]
[54,74,15, i=21908]
[54,74,25, i=21909]
[54,74,45, i=21911]
[54,74,55, i=21912]
[54,74,85, i=21915]
[54,74,36, i=21919]
[54,74,56, i=21921]
[54,84,46, i=21938]
[54,94,65, i=21948]
[54,94,85, i=21950]
[54,94,16, i=21952]
[54,15,25, i=21960]
[54,15,45, i=21962]
[54,15,65, i=21964]
[54,15,26, i=21969]
[54,15,46, i=21971]
[54,15,56, i=21972]
[54,15,76, i=21974]
[54,25,35, i=21976]
[54,25,26, i=21984]
[54,25,66, i=21988]
[54,35,85, i=21995]
[54,35,26, i=21998]
[54,35,56, i=22001]
[54,35,76, i=22003]
[54,45,36, i=22012]
[54,45,46, i=22013]
[54,45,76, i=22016]
[54,55,85, i=22020]
[54,55,46, i=22025]
[54,55,56, i=22026]
[54,65,36, i=22035]
[54,65,56, i=22037]
[54,65,66, i=22038]
[54,75,76, i=22049]
[54,85,46, i=22055]
[54,85,56, i=22056]
[54,85,76, i=22058]
[54,16,56, i=22071]
[54,26,56, i=22077]
[54,56,76, i=22091]
[64,74,94, i=22097]
[64,74,15, i=22098]
[64,74,55, i=22102]
[64,74,65, i=22103]
[64,74,85, i=22105]
[64,74,66, i=22112]
[64,84,94, i=22115]
[64,84,15, i=22116]
[64,84,35, i=22118]
[64,84,45, i=22119]
[64,84,85, i=22123]
[64,94,35, i=22135]
[64,94,55, i=22137]
[64,94,85, i=22140]
[64,94,26, i=22143]
[64,94,36, i=22144]
[64,94,56, i=22146]
[64,15,25, i=22150]
[64,15,45, i=22152]
[64,15,26, i=22159]
[64,25,55, i=22168]
[64,25,26, i=22174]
[64,25,46, i=22176]
[64,25,56, i=22177]
[64,25,66, i=22178]
[64,25,76, i=22179]
[64,35,55, i=22182]
[64,35,85, i=22185]
[64,35,26, i=22188]
[64,45,66, i=22205]
[64,55,46, i=22215]
[64,55,56, i=22216]
[64,65,56, i=22227]
[64,65,66, i=22228]
[64,75,85, i=22231]
[64,75,36, i=22235]
[64,75,66, i=22238]
[64,75,86, i=22240]
[64,85,56, i=22246]
[64,85,76, i=22248]
[64,36,46, i=22271]
[64,56,76, i=22281]
[74,84,94, i=22286]
[74,84,95, i=22295]
[74,94,15, i=22304]
[74,94,65, i=22309]
[74,94,75, i=22310]
[74,94,85, i=22311]
[74,94,46, i=22316]
[74,94,56, i=22317]
[74,15,45, i=22323]
[74,15,85, i=22327]
[74,15,26, i=22330]
[74,15,36, i=22331]
[74,15,46, i=22332]
[74,15,56, i=22333]
[74,25,35, i=22337]
[74,25,85, i=22342]
[74,25,36, i=22346]
[74,35,65, i=22354]
[74,35,85, i=22356]
[74,35,26, i=22359]
[74,35,36, i=22360]
[74,35,66, i=22363]
[74,45,65, i=22367]
[74,45,36, i=22373]
[74,55,85, i=22381]
[74,55,56, i=22387]
[74,65,85, i=22392]
[74,65,95, i=22393]
[74,65,26, i=22395]
[74,65,36, i=22396]
[74,65,56, i=22398]
[74,65,66, i=22399]
[74,65,76, i=22400]
[74,75,76, i=22410]
[74,85,26, i=22414]
[74,85,36, i=22415]
[74,85,56, i=22417]
[74,85,76, i=22419]
[74,85,86, i=22420]
[74,95,56, i=22425]
[74,26,56, i=22438]
[74,36,66, i=22444]
[84,94,15, i=22457]
[84,94,65, i=22462]
[84,94,75, i=22463]
[84,94,85, i=22464]
[84,94,56, i=22470]
[84,94,66, i=22471]
[84,94,76, i=22472]
[84,15,26, i=22483]
[84,45,85, i=22522]
[84,55,85, i=22534]
[84,55,36, i=22538]
[84,65,56, i=22551]
[84,75,85, i=22555]
[84,75,95, i=22556]
[84,75,86, i=22564]
[84,85,76, i=22572]
[84,95,66, i=22579]
[94,15,25, i=22610]
[94,15,45, i=22612]
[94,15,85, i=22616]
[94,15,26, i=22619]
[94,15,76, i=22624]
[94,25,85, i=22631]
[94,35,85, i=22645]
[94,35,66, i=22652]
[94,45,85, i=22658]
[94,45,36, i=22662]
[94,45,56, i=22664]
[94,55,65, i=22668]
[94,55,85, i=22670]
[94,55,46, i=22675]
[94,65,75, i=22680]
[94,65,85, i=22681]
[94,65,26, i=22684]
[94,65,46, i=22686]
[94,65,56, i=22687]
[94,65,66, i=22688]
[94,65,76, i=22689]
[94,75,85, i=22691]
[94,75,36, i=22695]
[94,75,66, i=22698]
[94,85,16, i=22702]
[94,85,26, i=22703]
[94,85,36, i=22704]
[94,85,46, i=22705]
[94,85,56, i=22706]
[94,85,66, i=22707]
[94,85,76, i=22708]
[94,85,86, i=22709]
[94,16,66, i=22722]
[94,36,56, i=22732]
[94,36,76, i=22734]
[94,46,56, i=22736]
[94,46,76, i=22738]
[94,56,76, i=22741]
[15,25,26, i=22754]
[15,25,36, i=22755]
[15,25,46, i=22756]
[15,35,65, i=22763]
[15,35,26, i=22768]
[15,45,26, i=22781]
[15,45,46, i=22783]
[15,45,56, i=22784]
[15,45,66, i=22785]
[15,55,26, i=22793]
[15,55,46, i=22795]
[15,55,56, i=22796]
[15,65,85, i=22801]
[15,65,26, i=22804]
[15,65,56, i=22807]
[15,65,76, i=22809]
[15,75,26, i=22814]
[15,75,36, i=22815]
[15,75,86, i=22820]
[15,85,26, i=22823]
[15,85,36, i=22824]
[15,85,46, i=22825]
[15,85,56, i=22826]
[15,85,76, i=22828]
[15,95,26, i=22831]
[15,26,36, i=22845]
[15,26,46, i=22846]
[15,26,56, i=22847]
[15,26,66, i=22848]
[15,26,76, i=22849]
[15,26,86, i=22850]
[15,36,56, i=22852]
[15,46,66, i=22857]
[15,46,76, i=22858]
[25,35,46, i=22875]
[25,45,65, i=22881]
[25,45,36, i=22887]
[25,55,66, i=22902]
[25,65,56, i=22912]
[25,65,66, i=22913]
[25,85,16, i=22927]
[25,85,76, i=22933]
[25,16,36, i=22944]
[25,16,56, i=22946]
[35,45,85, i=22974]
[35,45,26, i=22977]
[35,55,85, i=22986]
[35,65,85, i=22997]
[35,65,46, i=23002]
[35,85,26, i=23019]
[35,85,46, i=23021]
[35,85,76, i=23024]
[35,16,36, i=23035]
[35,26,46, i=23042]
[35,26,56, i=23043]
[35,46,76, i=23054]
[45,55,36, i=23068]
[45,55,56, i=23070]
[45,65,36, i=23079]
[45,65,56, i=23081]
[45,85,36, i=23098]
[45,85,76, i=23102]
[45,16,56, i=23115]
[45,36,56, i=23126]
[45,36,66, i=23127]
[45,36,76, i=23128]
[45,56,66, i=23134]
[55,65,56, i=23147]
[55,65,66, i=23148]
[55,65,76, i=23149]
[55,75,85, i=23151]
[55,75,86, i=23160]
[55,85,46, i=23165]
[55,85,56, i=23166]
[55,85,66, i=23167]
[55,85,76, i=23168]
[55,26,46, i=23186]
[55,36,66, i=23193]
[55,46,66, i=23197]
[55,46,76, i=23198]
[55,56,76, i=23201]
[65,75,56, i=23212]
[65,85,95, i=23216]
[65,85,36, i=23219]
[65,85,56, i=23221]
[65,85,76, i=23223]
[65,95,66, i=23230]
[65,16,56, i=23236]
[65,26,56, i=23242]
[65,26,76, i=23244]
[65,36,66, i=23248]
[65,36,76, i=23249]
[65,46,56, i=23251]
[65,46,66, i=23252]
[65,56,76, i=23256]
[75,85,66, i=23267]
[75,85,76, i=23268]
[75,36,86, i=23295]
[75,46,76, i=23298]
[75,66,86, i=23304]
[85,95,76, i=23312]
[85,16,76, i=23319]
[85,26,56, i=23323]
[85,26,76, i=23325]
[85,36,56, i=23328]
[85,36,76, i=23330]
[85,46,66, i=23333]
[85,46,76, i=23334]
[85,56,76, i=23337]
[85,66,76, i=23339]
[36,46,66, i=23407]

