FILPNTUVYZ
2185 OF 23426 ARE UNSOLVABLE
[11,31,22, i=58]
[11,31,62, i=62]
[11,31,92, i=65]
[11,41,93, i=123]
[11,51,56, i=194]
[11,71,62, i=252]
[11,81,92, i=300]
[11,22,13, i=430]
[11,72,73, i=631]
[11,92,15, i=714]
[11,33,14, i=804]
[11,33,74, i=810]
[11,43,93, i=834]
[11,53,93, i=864]
[11,63,14, i=894]
[11,83,14, i=949]
[11,93,24, i=976]
[11,93,44, i=978]
[11,93,74, i=981]
[11,14,54, i=1004]
[11,14,64, i=1005]
[11,14,66, i=1023]
[11,34,35, i=1058]
[11,94,85, i=1180]
[11,15,26, i=1199]
[11,15,76, i=1204]
[11,45,36, i=1242]
[11,45,76, i=1246]
[11,85,76, i=1288]
[21,31,12, i=1332]
[21,31,64, i=1355]
[21,41,12, i=1381]
[21,41,32, i=1383]
[21,41,73, i=1396]
[21,41,14, i=1399]
[21,41,76, i=1423]
[21,51,12, i=1429]
[21,51,32, i=1431]
[21,51,72, i=1435]
[21,51,13, i=1438]
[21,51,73, i=1444]
[21,51,44, i=1450]
[21,51,56, i=1469]
[21,51,66, i=1470]
[21,61,12, i=1476]
[21,61,32, i=1478]
[21,61,52, i=1480]
[21,61,53, i=1489]
[21,61,73, i=1491]
[21,61,83, i=1492]
[21,61,93, i=1493]
[21,61,14, i=1494]
[21,61,35, i=1505]
[21,61,26, i=1513]
[21,61,36, i=1514]
[21,61,56, i=1516]
[21,71,12, i=1522]
[21,71,32, i=1524]
[21,71,62, i=1527]
[21,71,83, i=1538]
[21,71,93, i=1539]
[21,71,54, i=1544]
[21,71,94, i=1548]
[21,71,85, i=1556]
[21,81,12, i=1567]
[21,81,32, i=1569]
[21,81,92, i=1575]
[21,81,76, i=1609]
[21,91,12, i=1611]
[21,91,32, i=1613]
[21,12,22, i=1655]
[21,12,32, i=1656]
[21,12,42, i=1657]
[21,12,52, i=1658]
[21,12,62, i=1659]
[21,12,72, i=1660]
[21,12,82, i=1661]
[21,12,92, i=1662]
[21,12,13, i=1663]
[21,12,23, i=1664]
[21,12,33, i=1665]
[21,12,43, i=1666]
[21,12,53, i=1667]
[21,12,63, i=1668]
[21,12,73, i=1669]
[21,12,83, i=1670]
[21,12,93, i=1671]
[21,12,14, i=1672]
[21,12,24, i=1673]
[21,12,34, i=1674]
[21,12,44, i=1675]
[21,12,54, i=1676]
[21,12,64, i=1677]
[21,12,74, i=1678]
[21,12,84, i=1679]
[21,12,94, i=1680]
[21,12,15, i=1681]
[21,12,25, i=1682]
[21,12,35, i=1683]
[21,12,45, i=1684]
[21,12,55, i=1685]
[21,12,65, i=1686]
[21,12,75, i=1687]
[21,12,85, i=1688]
[21,12,95, i=1689]
[21,12,16, i=1690]
[21,12,26, i=1691]
[21,12,36, i=1692]
[21,12,46, i=1693]
[21,12,56, i=1694]
[21,12,66, i=1695]
[21,12,76, i=1696]
[21,12,86, i=1697]
[21,22,92, i=1704]
[21,22,13, i=1705]
[21,22,33, i=1707]
[21,22,14, i=1714]
[21,32,42, i=1740]
[21,32,52, i=1741]
[21,32,72, i=1743]
[21,32,92, i=1745]
[21,32,13, i=1746]
[21,32,23, i=1747]
[21,32,33, i=1748]
[21,32,43, i=1749]
[21,32,53, i=1750]
[21,32,63, i=1751]
[21,32,73, i=1752]
[21,32,83, i=1753]
[21,32,93, i=1754]
[21,32,14, i=1755]
[21,32,24, i=1756]
[21,32,34, i=1757]
[21,32,44, i=1758]
[21,32,54, i=1759]
[21,32,64, i=1760]
[21,32,74, i=1761]
[21,32,84, i=1762]
[21,32,94, i=1763]
[21,32,15, i=1764]
[21,32,45, i=1767]
[21,32,65, i=1769]
[21,32,75, i=1770]
[21,32,95, i=1772]
[21,32,46, i=1776]
[21,32,56, i=1777]
[21,32,76, i=1779]
[21,42,53, i=1790]
[21,42,85, i=1811]
[21,42,66, i=1818]
[21,52,74, i=1840]
[21,62,43, i=1866]
[21,62,53, i=1867]
[21,62,93, i=1871]
[21,62,15, i=1881]
[21,62,75, i=1887]
[21,72,33, i=1902]
[21,72,43, i=1903]
[21,72,94, i=1917]
[21,72,85, i=1925]
[21,82,43, i=1939]
[21,82,73, i=1942]
[21,82,93, i=1944]
[21,82,76, i=1969]
[21,92,43, i=1974]
[21,92,74, i=1986]
[21,92,15, i=1989]
[21,92,45, i=1992]
[21,92,36, i=2000]
[21,92,56, i=2002]
[21,13,65, i=2028]
[21,23,14, i=2047]
[21,23,85, i=2063]
[21,33,93, i=2078]
[21,33,14, i=2079]
[21,33,24, i=2080]
[21,33,74, i=2085]
[21,43,53, i=2105]
[21,43,63, i=2106]
[21,43,83, i=2108]
[21,43,24, i=2111]
[21,43,34, i=2112]
[21,43,64, i=2115]
[21,43,84, i=2117]
[21,43,45, i=2122]
[21,43,85, i=2126]
[21,43,46, i=2131]
[21,43,56, i=2132]
[21,53,93, i=2139]
[21,53,75, i=2155]
[21,53,36, i=2160]
[21,63,35, i=2180]
[21,83,93, i=2223]
[21,93,14, i=2250]
[21,93,44, i=2253]
[21,93,54, i=2254]
[21,93,74, i=2256]
[21,93,84, i=2257]
[21,93,65, i=2264]
[21,93,75, i=2265]
[21,93,85, i=2266]
[21,93,26, i=2269]
[21,93,56, i=2272]
[21,93,66, i=2273]
[21,93,76, i=2274]
[21,14,76, i=2299]
[21,24,15, i=2308]
[21,24,35, i=2310]
[21,24,36, i=2319]
[21,24,46, i=2320]
[21,44,75, i=2359]
[21,54,65, i=2379]
[21,64,55, i=2398]
[21,74,35, i=2415]
[21,74,65, i=2418]
[21,74,85, i=2420]
[21,84,66, i=2445]
[21,94,75, i=2454]
[21,94,85, i=2455]
[21,94,66, i=2462]
[21,15,26, i=2474]
[21,15,66, i=2478]
[21,35,65, i=2498]
[21,35,85, i=2500]
[21,55,75, i=2524]
[21,55,66, i=2532]
[21,75,66, i=2553]
[21,85,76, i=2563]
[21,36,66, i=2588]
[31,51,22, i=2655]
[31,51,42, i=2657]
[31,51,13, i=2663]
[31,51,33, i=2665]
[31,51,73, i=2669]
[31,51,26, i=2691]
[31,51,36, i=2692]
[31,61,12, i=2701]
[31,61,22, i=2702]
[31,61,52, i=2705]
[31,61,72, i=2707]
[31,61,13, i=2710]
[31,61,53, i=2714]
[31,61,93, i=2718]
[31,61,45, i=2731]
[31,61,16, i=2737]
[31,61,36, i=2739]
[31,61,66, i=2742]
[31,71,22, i=2748]
[31,71,42, i=2750]
[31,71,62, i=2752]
[31,71,13, i=2756]
[31,71,93, i=2764]
[31,71,44, i=2768]
[31,71,35, i=2776]
[31,71,85, i=2781]
[31,81,22, i=2793]
[31,81,42, i=2795]
[31,81,92, i=2800]
[31,91,42, i=2839]
[31,91,93, i=2853]
[31,12,22, i=2880]
[31,12,42, i=2882]
[31,12,23, i=2889]
[31,12,14, i=2897]
[31,12,26, i=2916]
[31,22,42, i=2924]
[31,22,92, i=2929]
[31,22,13, i=2930]
[31,22,23, i=2931]
[31,22,43, i=2933]
[31,22,14, i=2939]
[31,22,34, i=2941]
[31,22,84, i=2946]
[31,22,15, i=2948]
[31,22,25, i=2949]
[31,22,35, i=2950]
[31,22,45, i=2951]
[31,22,55, i=2952]
[31,22,65, i=2953]
[31,22,75, i=2954]
[31,22,85, i=2955]
[31,22,26, i=2958]
[31,22,36, i=2959]
[31,22,46, i=2960]
[31,22,66, i=2962]
[31,32,13, i=2971]
[31,32,23, i=2972]
[31,32,33, i=2973]
[31,32,43, i=2974]
[31,42,62, i=3007]
[31,42,82, i=3009]
[31,42,92, i=3010]
[31,42,13, i=3011]
[31,42,53, i=3015]
[31,42,93, i=3019]
[31,42,14, i=3020]
[31,42,54, i=3024]
[31,42,64, i=3025]
[31,42,74, i=3026]
[31,42,45, i=3032]
[31,42,85, i=3036]
[31,42,16, i=3038]
[31,42,46, i=3041]
[31,42,56, i=3042]
[31,42,76, i=3044]
[31,52,43, i=3053]
[31,52,83, i=3057]
[31,52,93, i=3058]
[31,52,14, i=3059]
[31,52,55, i=3072]
[31,52,85, i=3075]
[31,62,75, i=3112]
[31,72,53, i=3129]
[31,72,63, i=3130]
[31,72,83, i=3132]
[31,72,93, i=3133]
[31,82,93, i=3169]
[31,82,34, i=3172]
[31,82,64, i=3175]
[31,82,15, i=3179]
[31,82,56, i=3192]
[31,92,13, i=3196]
[31,92,23, i=3197]
[31,92,33, i=3198]
[31,92,53, i=3200]
[31,92,94, i=3213]
[31,92,85, i=3221]
[31,92,16, i=3223]
[31,92,46, i=3226]
[31,92,56, i=3227]
[31,13,23, i=3231]
[31,13,33, i=3232]
[31,13,43, i=3233]
[31,13,53, i=3234]
[31,13,63, i=3235]
[31,13,83, i=3237]
[31,13,34, i=3241]
[31,13,54, i=3243]
[31,13,74, i=3245]
[31,13,84, i=3246]
[31,13,35, i=3250]
[31,13,45, i=3251]
[31,13,55, i=3252]
[31,13,65, i=3253]
[31,13,75, i=3254]
[31,13,85, i=3255]
[31,13,16, i=3257]
[31,13,36, i=3259]
[31,13,46, i=3260]
[31,13,56, i=3261]
[31,13,66, i=3262]
[31,13,76, i=3263]
[31,13,86, i=3264]
[31,23,53, i=3267]
[31,23,64, i=3277]
[31,23,15, i=3281]
[31,23,85, i=3288]
[31,23,36, i=3292]
[31,23,46, i=3293]
[31,23,66, i=3295]
[31,23,76, i=3296]
[31,33,93, i=3303]
[31,33,44, i=3307]
[31,33,84, i=3311]
[31,33,45, i=3316]
[31,33,76, i=3328]
[31,43,93, i=3334]
[31,43,64, i=3340]
[31,43,74, i=3341]
[31,43,55, i=3348]
[31,43,75, i=3350]
[31,53,63, i=3361]
[31,53,73, i=3362]
[31,53,93, i=3364]
[31,53,35, i=3376]
[31,53,26, i=3384]
[31,53,36, i=3385]
[31,53,56, i=3387]
[31,53,76, i=3389]
[31,63,93, i=3393]
[31,63,15, i=3403]
[31,63,45, i=3406]
[31,73,93, i=3421]
[31,73,64, i=3427]
[31,73,84, i=3429]
[31,73,45, i=3434]
[31,83,74, i=3455]
[31,93,14, i=3475]
[31,93,54, i=3479]
[31,93,64, i=3480]
[31,93,74, i=3481]
[31,93,84, i=3482]
[31,93,15, i=3484]
[31,93,65, i=3489]
[31,93,56, i=3497]
[31,93,66, i=3498]
[31,14,85, i=3516]
[31,14,46, i=3521]
[31,24,15, i=3533]
[31,34,45, i=3559]
[31,34,65, i=3561]
[31,34,85, i=3563]
[31,44,74, i=3575]
[31,44,55, i=3582]
[31,54,64, i=3595]
[31,74,26, i=3648]
[31,94,85, i=3680]
[31,15,26, i=3699]
[31,15,76, i=3704]
[31,25,36, i=3715]
[31,35,26, i=3728]
[31,45,66, i=3745]
[31,75,85, i=3771]
[31,75,66, i=3778]
[31,85,56, i=3786]
[31,85,66, i=3787]
[31,85,76, i=3788]
[41,61,32, i=3879]
[41,61,52, i=3881]
[41,61,23, i=3887]
[41,61,64, i=3900]
[41,61,15, i=3904]
[41,71,53, i=3936]
[41,71,93, i=3940]
[41,71,84, i=3948]
[41,71,15, i=3950]
[41,81,92, i=3976]
[41,81,46, i=4007]
[41,81,76, i=4010]
[41,12,23, i=4065]
[41,12,66, i=4096]
[41,22,33, i=4108]
[41,32,13, i=4147]
[41,32,23, i=4148]
[41,32,43, i=4150]
[41,32,63, i=4152]
[41,32,46, i=4177]
[41,42,53, i=4191]
[41,42,63, i=4192]
[41,52,92, i=4225]
[41,52,43, i=4229]
[41,52,63, i=4231]
[41,52,15, i=4244]
[41,52,36, i=4255]
[41,52,46, i=4256]
[41,52,56, i=4257]
[41,62,73, i=4270]
[41,92,63, i=4377]
[41,92,83, i=4379]
[41,92,74, i=4387]
[41,92,15, i=4390]
[41,92,56, i=4403]
[41,13,23, i=4407]
[41,13,93, i=4414]
[41,13,24, i=4416]
[41,13,15, i=4424]
[41,13,36, i=4435]
[41,23,93, i=4447]
[41,23,24, i=4449]
[41,23,94, i=4456]
[41,23,35, i=4459]
[41,23,16, i=4466]
[41,23,46, i=4469]
[41,33,65, i=4494]
[41,33,56, i=4502]
[41,43,54, i=4515]
[41,43,46, i=4532]
[41,53,15, i=4550]
[41,63,44, i=4573]
[41,63,84, i=4577]
[41,63,15, i=4579]
[41,63,85, i=4586]
[41,63,66, i=4593]
[41,73,24, i=4599]
[41,73,84, i=4605]
[41,93,14, i=4651]
[41,93,74, i=4657]
[41,93,84, i=4658]
[41,93,15, i=4660]
[41,93,25, i=4661]
[41,93,35, i=4662]
[41,93,46, i=4672]
[41,93,56, i=4673]
[41,93,66, i=4674]
[41,14,84, i=4683]
[41,14,25, i=4686]
[41,14,85, i=4692]
[41,14,36, i=4696]
[41,14,66, i=4699]
[41,24,84, i=4707]
[41,24,15, i=4709]
[41,24,36, i=4720]
[41,34,85, i=4739]
[41,64,75, i=4801]
[41,64,36, i=4806]
[41,64,46, i=4807]
[41,74,85, i=4821]
[41,84,66, i=4846]
[41,94,85, i=4856]
[41,15,26, i=4875]
[41,15,46, i=4877]
[41,15,56, i=4878]
[41,15,66, i=4879]
[41,35,36, i=4905]
[41,45,85, i=4914]
[41,85,46, i=4961]
[41,85,76, i=4964]
[41,46,66, i=4993]
[51,71,42, i=5054]
[51,71,62, i=5056]
[51,71,83, i=5067]
[51,71,93, i=5068]
[51,71,65, i=5083]
[51,81,92, i=5104]
[51,81,84, i=5121]
[51,91,44, i=5161]
[51,12,22, i=5184]
[51,12,56, i=5223]
[51,22,62, i=5230]
[51,22,35, i=5254]
[51,22,56, i=5265]
[51,32,54, i=5288]
[51,42,13, i=5315]
[51,42,33, i=5317]
[51,42,43, i=5318]
[51,42,73, i=5321]
[51,42,34, i=5326]
[51,42,15, i=5333]
[51,52,43, i=5357]
[51,52,93, i=5362]
[51,62,23, i=5393]
[51,62,33, i=5394]
[51,62,94, i=5409]
[51,62,66, i=5424]
[51,72,83, i=5436]
[51,72,56, i=5460]
[51,82,73, i=5471]
[51,82,46, i=5495]
[51,92,43, i=5503]
[51,92,53, i=5504]
[51,92,73, i=5506]
[51,92,83, i=5507]
[51,92,46, i=5530]
[51,92,56, i=5531]
[51,13,44, i=5546]
[51,13,35, i=5554]
[51,13,45, i=5555]
[51,13,36, i=5563]
[51,63,85, i=5714]
[51,63,66, i=5721]
[51,73,44, i=5729]
[51,73,64, i=5731]
[51,73,84, i=5733]
[51,73,35, i=5737]
[51,73,55, i=5739]
[51,93,74, i=5785]
[51,93,84, i=5786]
[51,93,45, i=5791]
[51,93,65, i=5793]
[51,93,75, i=5794]
[51,93,85, i=5795]
[51,93,36, i=5799]
[51,24,44, i=5831]
[51,24,15, i=5837]
[51,34,36, i=5871]
[51,34,76, i=5875]
[51,64,56, i=5936]
[51,74,84, i=5940]
[51,74,65, i=5947]
[51,84,15, i=5960]
[51,84,95, i=5968]
[51,84,66, i=5974]
[51,94,85, i=5984]
[51,94,56, i=5990]
[51,15,26, i=6003]
[51,15,46, i=6005]
[51,15,56, i=6006]
[51,15,76, i=6008]
[51,35,26, i=6032]
[51,45,36, i=6046]
[51,45,56, i=6048]
[51,55,46, i=6059]
[51,55,66, i=6061]
[51,65,76, i=6073]
[51,85,76, i=6092]
[51,16,56, i=6105]
[51,26,56, i=6111]
[61,81,52, i=6181]
[61,81,72, i=6183]
[61,81,92, i=6185]
[61,81,93, i=6194]
[61,91,52, i=6225]
[61,91,72, i=6227]
[61,91,83, i=6237]
[61,91,36, i=6259]
[61,91,76, i=6263]
[61,12,84, i=6289]
[61,22,33, i=6317]
[61,22,73, i=6321]
[61,22,93, i=6323]
[61,22,56, i=6346]
[61,52,62, i=6431]
[61,52,72, i=6432]
[61,52,13, i=6435]
[61,52,23, i=6436]
[61,52,53, i=6439]
[61,52,63, i=6440]
[61,52,93, i=6443]
[61,52,34, i=6446]
[61,52,54, i=6448]
[61,52,94, i=6452]
[61,52,15, i=6453]
[61,52,25, i=6454]
[61,52,45, i=6456]
[61,52,85, i=6460]
[61,52,46, i=6465]
[61,52,56, i=6466]
[61,52,66, i=6467]
[61,62,63, i=6478]
[61,62,56, i=6504]
[61,72,82, i=6508]
[61,72,63, i=6515]
[61,72,83, i=6517]
[61,72,93, i=6518]
[61,72,64, i=6524]
[61,72,45, i=6531]
[61,72,65, i=6533]
[61,72,36, i=6539]
[61,72,56, i=6541]
[61,72,76, i=6543]
[61,82,92, i=6545]
[61,82,93, i=6554]
[61,92,83, i=6588]
[61,92,74, i=6596]
[61,92,45, i=6602]
[61,92,85, i=6606]
[61,92,26, i=6609]
[61,92,46, i=6611]
[61,92,56, i=6612]
[61,92,76, i=6614]
[61,13,23, i=6616]
[61,13,93, i=6623]
[61,13,24, i=6625]
[61,13,65, i=6638]
[61,23,63, i=6653]
[61,23,34, i=6659]
[61,33,63, i=6685]
[61,33,83, i=6687]
[61,33,26, i=6708]
[61,43,64, i=6725]
[61,43,74, i=6726]
[61,43,84, i=6727]
[61,43,15, i=6729]
[61,43,35, i=6731]
[61,43,65, i=6734]
[61,43,76, i=6744]
[61,53,83, i=6748]
[61,53,74, i=6756]
[61,53,75, i=6765]
[61,53,26, i=6769]
[61,53,56, i=6772]
[61,63,93, i=6778]
[61,63,24, i=6780]
[61,73,93, i=6806]
[61,73,24, i=6808]
[61,73,74, i=6813]
[61,73,15, i=6816]
[61,73,85, i=6823]
[61,73,66, i=6830]
[61,83,14, i=6834]
[61,83,65, i=6848]
[61,83,85, i=6850]
[61,83,56, i=6856]
[61,83,66, i=6857]
[61,83,76, i=6858]
[61,93,74, i=6866]
[61,93,84, i=6867]
[61,93,35, i=6871]
[61,93,75, i=6875]
[61,93,85, i=6876]
[61,93,26, i=6879]
[61,93,66, i=6883]
[61,14,34, i=6887]
[61,14,35, i=6896]
[61,14,36, i=6905]
[61,14,66, i=6908]
[61,14,76, i=6909]
[61,24,75, i=6924]
[61,34,15, i=6941]
[61,34,85, i=6948]
[61,44,55, i=6967]
[61,44,85, i=6970]
[61,44,56, i=6976]
[61,44,66, i=6977]
[61,54,85, i=6991]
[61,64,75, i=7010]
[61,74,35, i=7025]
[61,74,65, i=7028]
[61,74,85, i=7030]
[61,74,16, i=7032]
[61,74,36, i=7034]
[61,74,56, i=7036]
[61,84,85, i=7048]
[61,84,46, i=7053]
[61,84,66, i=7055]
[61,94,85, i=7065]
[61,15,26, i=7084]
[61,15,56, i=7087]
[61,35,26, i=7113]
[61,45,36, i=7127]
[61,55,56, i=7141]
[61,65,85, i=7146]
[61,65,56, i=7152]
[61,85,76, i=7173]
[61,36,46, i=7196]
[61,36,56, i=7197]
[61,36,76, i=7199]
[71,81,92, i=7220]
[71,91,82, i=7263]
[71,91,53, i=7269]
[71,12,62, i=7304]
[71,12,35, i=7328]
[71,22,62, i=7346]
[71,22,33, i=7352]
[71,22,93, i=7358]
[71,32,93, i=7399]
[71,32,84, i=7407]
[71,32,75, i=7415]
[71,42,62, i=7427]
[71,42,23, i=7432]
[71,42,33, i=7433]
[71,42,93, i=7439]
[71,42,54, i=7444]
[71,42,64, i=7445]
[71,42,84, i=7447]
[71,42,46, i=7461]
[71,52,62, i=7466]
[71,52,63, i=7475]
[71,52,93, i=7478]
[71,62,82, i=7506]
[71,62,23, i=7509]
[71,62,43, i=7511]
[71,62,53, i=7512]
[71,62,63, i=7513]
[71,62,73, i=7514]
[71,62,93, i=7516]
[71,62,24, i=7518]
[71,62,44, i=7520]
[71,62,54, i=7521]
[71,62,64, i=7522]
[71,62,74, i=7523]
[71,62,84, i=7524]
[71,62,94, i=7525]
[71,62,15, i=7526]
[71,62,35, i=7528]
[71,62,45, i=7529]
[71,62,85, i=7533]
[71,62,36, i=7537]
[71,62,46, i=7538]
[71,62,66, i=7540]
[71,72,43, i=7548]
[71,72,63, i=7550]
[71,72,83, i=7552]
[71,72,93, i=7553]
[71,72,14, i=7554]
[71,72,74, i=7560]
[71,72,94, i=7562]
[71,72,15, i=7563]
[71,72,85, i=7570]
[71,72,46, i=7575]
[71,82,92, i=7580]
[71,82,43, i=7584]
[71,82,93, i=7589]
[71,82,14, i=7590]
[71,82,85, i=7606]
[71,92,33, i=7618]
[71,92,83, i=7623]
[71,92,34, i=7627]
[71,13,63, i=7655]
[71,13,93, i=7658]
[71,13,34, i=7661]
[71,13,54, i=7663]
[71,13,36, i=7679]
[71,23,53, i=7687]
[71,23,93, i=7691]
[71,23,14, i=7692]
[71,23,36, i=7712]
[71,33,93, i=7723]
[71,33,24, i=7725]
[71,33,44, i=7727]
[71,33,15, i=7733]
[71,43,93, i=7754]
[71,43,24, i=7756]
[71,43,36, i=7775]
[71,53,24, i=7786]
[71,53,34, i=7787]
[71,53,64, i=7790]
[71,53,35, i=7796]
[71,53,45, i=7797]
[71,63,93, i=7813]
[71,63,66, i=7837]
[71,73,93, i=7841]
[71,73,44, i=7845]
[71,73,65, i=7856]
[71,83,93, i=7868]
[71,83,94, i=7877]
[71,83,35, i=7880]
[71,83,85, i=7885]
[71,93,14, i=7895]
[71,93,24, i=7896]
[71,93,34, i=7897]
[71,93,44, i=7898]
[71,93,54, i=7899]
[71,93,64, i=7900]
[71,93,74, i=7901]
[71,93,84, i=7902]
[71,93,15, i=7904]
[71,93,25, i=7905]
[71,93,35, i=7906]
[71,93,45, i=7907]
[71,93,55, i=7908]
[71,93,65, i=7909]
[71,93,75, i=7910]
[71,93,85, i=7911]
[71,93,16, i=7913]
[71,93,26, i=7914]
[71,93,36, i=7915]
[71,93,46, i=7916]
[71,93,56, i=7917]
[71,93,66, i=7918]
[71,93,76, i=7919]
[71,14,34, i=7922]
[71,14,84, i=7927]
[71,14,94, i=7928]
[71,14,55, i=7933]
[71,14,36, i=7940]
[71,24,84, i=7951]
[71,34,25, i=7977]
[71,34,85, i=7983]
[71,44,64, i=7994]
[71,44,84, i=7996]
[71,44,35, i=8000]
[71,44,66, i=8012]
[71,54,55, i=8023]
[71,54,65, i=8024]
[71,54,26, i=8029]
[71,54,36, i=8030]
[71,64,84, i=8037]
[71,64,55, i=8043]
[71,64,85, i=8046]
[71,74,94, i=8057]
[71,84,66, i=8090]
[71,94,85, i=8100]
[71,94,26, i=8103]
[71,94,36, i=8104]
[71,94,76, i=8108]
[71,15,35, i=8111]
[71,15,26, i=8119]
[71,15,56, i=8122]
[71,35,36, i=8149]
[71,45,56, i=8164]
[71,65,66, i=8188]
[71,75,85, i=8191]
[71,75,36, i=8195]
[71,85,46, i=8205]
[71,85,66, i=8207]
[71,85,76, i=8208]
[71,46,66, i=8237]
[81,12,92, i=8297]
[81,22,92, i=8339]
[81,32,72, i=8378]
[81,32,92, i=8380]
[81,42,92, i=8420]
[81,42,13, i=8421]
[81,42,14, i=8430]
[81,42,56, i=8452]
[81,52,72, i=8457]
[81,52,92, i=8459]
[81,52,93, i=8468]
[81,52,75, i=8484]
[81,62,92, i=8497]
[81,72,92, i=8534]
[81,72,63, i=8540]
[81,72,73, i=8541]
[81,72,83, i=8542]
[81,72,54, i=8548]
[81,72,84, i=8551]
[81,72,94, i=8552]
[81,72,35, i=8555]
[81,72,55, i=8557]
[81,72,85, i=8560]
[81,82,92, i=8570]
[81,82,53, i=8575]
[81,82,93, i=8579]
[81,92,13, i=8606]
[81,92,23, i=8607]
[81,92,33, i=8608]
[81,92,43, i=8609]
[81,92,53, i=8610]
[81,92,63, i=8611]
[81,92,73, i=8612]
[81,92,83, i=8613]
[81,92,93, i=8614]
[81,92,14, i=8615]
[81,92,24, i=8616]
[81,92,34, i=8617]
[81,92,44, i=8618]
[81,92,54, i=8619]
[81,92,64, i=8620]
[81,92,74, i=8621]
[81,92,84, i=8622]
[81,92,94, i=8623]
[81,92,15, i=8624]
[81,92,25, i=8625]
[81,92,35, i=8626]
[81,92,45, i=8627]
[81,92,55, i=8628]
[81,92,65, i=8629]
[81,92,75, i=8630]
[81,92,85, i=8631]
[81,92,95, i=8632]
[81,92,16, i=8633]
[81,92,26, i=8634]
[81,92,36, i=8635]
[81,92,46, i=8636]
[81,92,56, i=8637]
[81,92,66, i=8638]
[81,92,76, i=8639]
[81,92,86, i=8640]
[81,13,46, i=8670]
[81,23,73, i=8679]
[81,23,14, i=8682]
[81,33,54, i=8718]
[81,43,94, i=8753]
[81,63,93, i=8803]
[81,73,14, i=8832]
[81,93,74, i=8891]
[81,93,84, i=8892]
[81,93,56, i=8907]
[81,14,36, i=8930]
[81,24,15, i=8943]
[81,24,36, i=8954]
[81,34,15, i=8966]
[81,54,36, i=9020]
[81,64,15, i=9029]
[81,74,85, i=9055]
[81,84,94, i=9065]
[81,84,66, i=9080]
[81,94,85, i=9090]
[81,15,26, i=9109]
[81,15,56, i=9112]
[81,55,46, i=9165]
[81,55,66, i=9167]
[81,85,76, i=9198]
[81,36,66, i=9223]
[81,36,76, i=9224]
[81,56,76, i=9231]
[91,32,33, i=9329]
[91,32,43, i=9330]
[91,82,83, i=9524]
[91,82,93, i=9525]
[91,82,44, i=9529]
[91,82,66, i=9549]
[91,13,36, i=9615]
[91,13,56, i=9617]
[91,43,93, i=9690]
[91,53,44, i=9724]
[91,53,56, i=9743]
[91,63,73, i=9747]
[91,63,74, i=9756]
[91,73,85, i=9794]
[91,93,74, i=9837]
[91,14,36, i=9876]
[91,24,15, i=9889]
[91,44,36, i=9945]
[91,54,56, i=9968]
[91,84,94, i=10011]
[91,94,85, i=10036]
[91,94,76, i=10044]
[91,15,26, i=10055]
[91,15,56, i=10058]
[91,35,36, i=10085]
[91,45,85, i=10094]
[91,55,46, i=10111]
[91,65,76, i=10125]
[91,85,36, i=10140]
[91,85,46, i=10141]
[91,85,76, i=10144]
[12,42,93, i=10278]
[12,42,24, i=10280]
[12,42,55, i=10292]
[12,62,76, i=10380]
[12,72,85, i=10409]
[12,82,93, i=10428]
[12,92,44, i=10467]
[12,92,74, i=10470]
[12,92,36, i=10484]
[12,23,33, i=10524]
[12,23,63, i=10527]
[12,23,14, i=10531]
[12,23,64, i=10536]
[12,23,45, i=10543]
[12,23,56, i=10553]
[12,33,93, i=10562]
[12,33,44, i=10566]
[12,33,15, i=10572]
[12,43,15, i=10603]
[12,63,93, i=10652]
[12,63,34, i=10655]
[12,63,66, i=10676]
[12,73,93, i=10680]
[12,93,15, i=10743]
[12,93,45, i=10746]
[12,93,75, i=10749]
[12,93,36, i=10754]
[12,93,66, i=10757]
[12,14,36, i=10779]
[12,34,65, i=10820]
[12,34,85, i=10822]
[12,44,15, i=10837]
[12,44,35, i=10839]
[12,74,84, i=10895]
[12,74,16, i=10906]
[12,94,85, i=10939]
[12,15,26, i=10958]
[12,15,36, i=10959]
[12,25,85, i=10970]
[12,25,26, i=10973]
[12,25,36, i=10974]
[12,45,36, i=11001]
[12,45,56, i=11003]
[12,85,76, i=11047]
[22,42,63, i=11136]
[22,42,55, i=11153]
[22,52,43, i=11173]
[22,52,54, i=11183]
[22,52,15, i=11188]
[22,82,93, i=11289]
[22,92,74, i=11331]
[22,92,56, i=11347]
[22,13,74, i=11365]
[22,23,14, i=11392]
[22,33,74, i=11430]
[22,33,36, i=11444]
[22,43,34, i=11457]
[22,53,75, i=11500]
[22,73,84, i=11549]
[22,73,35, i=11553]
[22,93,74, i=11601]
[22,93,84, i=11602]
[22,93,15, i=11604]
[22,93,65, i=11609]
[22,93,56, i=11617]
[22,93,66, i=11618]
[22,24,15, i=11653]
[22,24,36, i=11664]
[22,44,35, i=11700]
[22,54,15, i=11719]
[22,64,84, i=11737]
[22,94,85, i=11800]
[22,15,26, i=11819]
[22,75,66, i=11898]
[22,85,76, i=11908]
[32,42,74, i=11966]
[32,52,23, i=11991]
[32,52,43, i=11993]
[32,62,76, i=12061]
[32,92,83, i=12143]
[32,92,74, i=12151]
[32,92,36, i=12165]
[32,13,23, i=12171]
[32,13,24, i=12180]
[32,13,34, i=12181]
[32,13,44, i=12182]
[32,13,15, i=12188]
[32,13,25, i=12189]
[32,13,35, i=12190]
[32,13,36, i=12199]
[32,13,56, i=12201]
[32,23,43, i=12206]
[32,23,53, i=12207]
[32,23,63, i=12208]
[32,23,14, i=12212]
[32,23,34, i=12214]
[32,23,15, i=12221]
[32,23,45, i=12224]
[32,23,65, i=12226]
[32,23,85, i=12228]
[32,23,46, i=12233]
[32,23,56, i=12234]
[32,43,73, i=12272]
[32,43,83, i=12273]
[32,43,93, i=12274]
[32,43,34, i=12277]
[32,43,15, i=12284]
[32,43,36, i=12295]
[32,43,56, i=12297]
[32,53,14, i=12305]
[32,63,54, i=12338]
[32,73,64, i=12367]
[32,73,15, i=12371]
[32,93,34, i=12417]
[32,93,74, i=12421]
[32,93,84, i=12422]
[32,93,15, i=12424]
[32,93,45, i=12427]
[32,93,75, i=12430]
[32,93,85, i=12431]
[32,93,66, i=12438]
[32,14,34, i=12442]
[32,14,55, i=12453]
[32,14,85, i=12456]
[32,14,36, i=12460]
[32,14,56, i=12462]
[32,24,74, i=12470]
[32,34,25, i=12497]
[32,54,45, i=12542]
[32,54,56, i=12552]
[32,64,66, i=12573]
[32,74,46, i=12590]
[32,94,85, i=12620]
[32,15,45, i=12632]
[32,15,55, i=12633]
[32,15,85, i=12636]
[32,15,26, i=12639]
[32,75,66, i=12718]
[32,85,36, i=12724]
[32,85,76, i=12728]
[42,62,33, i=12810]
[42,62,53, i=12812]
[42,62,15, i=12826]
[42,62,46, i=12838]
[42,72,15, i=12863]
[42,72,36, i=12874]
[42,82,93, i=12889]
[42,92,23, i=12917]
[42,92,74, i=12931]
[42,92,15, i=12934]
[42,92,55, i=12938]
[42,13,93, i=12958]
[42,13,15, i=12968]
[42,13,66, i=12982]
[42,23,14, i=12992]
[42,23,46, i=13013]
[42,23,56, i=13014]
[42,23,66, i=13015]
[42,33,53, i=13019]
[42,33,24, i=13025]
[42,33,44, i=13027]
[42,33,54, i=13028]
[42,33,64, i=13029]
[42,33,74, i=13030]
[42,33,15, i=13033]
[42,33,85, i=13040]
[42,33,46, i=13045]
[42,43,54, i=13059]
[42,53,83, i=13083]
[42,53,44, i=13088]
[42,53,54, i=13089]
[42,53,64, i=13090]
[42,53,15, i=13094]
[42,53,45, i=13097]
[42,53,85, i=13101]
[42,63,24, i=13115]
[42,63,16, i=13132]
[42,63,56, i=13136]
[42,83,74, i=13175]
[42,93,24, i=13196]
[42,93,74, i=13201]
[42,93,84, i=13202]
[42,93,45, i=13207]
[42,93,65, i=13209]
[42,93,16, i=13213]
[42,93,36, i=13215]
[42,93,66, i=13218]
[42,14,55, i=13233]
[42,14,85, i=13236]
[42,24,15, i=13253]
[42,24,35, i=13255]
[42,34,75, i=13282]
[42,44,54, i=13293]
[42,54,45, i=13322]
[42,64,55, i=13343]
[42,64,75, i=13345]
[42,74,56, i=13371]
[42,94,85, i=13400]
[42,15,85, i=13416]
[42,15,26, i=13419]
[42,15,66, i=13423]
[42,25,85, i=13431]
[42,65,85, i=13481]
[42,75,66, i=13498]
[42,85,46, i=13505]
[42,85,76, i=13508]
[42,36,56, i=13532]
[52,72,63, i=13591]
[52,82,63, i=13627]
[52,82,73, i=13628]
[52,82,93, i=13630]
[52,82,85, i=13647]
[52,92,63, i=13662]
[52,92,83, i=13664]
[52,92,74, i=13672]
[52,92,85, i=13682]
[52,13,23, i=13692]
[52,23,93, i=13732]
[52,23,14, i=13733]
[52,23,34, i=13735]
[52,23,74, i=13739]
[52,23,65, i=13747]
[52,33,63, i=13761]
[52,33,65, i=13779]
[52,33,66, i=13788]
[52,43,63, i=13792]
[52,43,93, i=13795]
[52,43,34, i=13798]
[52,43,65, i=13810]
[52,43,85, i=13812]
[52,43,56, i=13818]
[52,53,85, i=13842]
[52,63,93, i=13854]
[52,63,24, i=13856]
[52,63,44, i=13858]
[52,63,54, i=13859]
[52,63,25, i=13865]
[52,63,45, i=13867]
[52,63,55, i=13868]
[52,63,36, i=13875]
[52,73,93, i=13882]
[52,83,36, i=13930]
[52,93,74, i=13942]
[52,93,84, i=13943]
[52,93,65, i=13950]
[52,14,24, i=13962]
[52,14,34, i=13963]
[52,14,36, i=13981]
[52,24,15, i=13994]
[52,24,36, i=14005]
[52,24,46, i=14006]
[52,34,54, i=14012]
[52,44,55, i=14043]
[52,74,85, i=14106]
[52,74,36, i=14110]
[52,74,56, i=14112]
[52,84,75, i=14123]
[52,94,85, i=14141]
[52,15,85, i=14157]
[52,15,26, i=14160]
[52,25,85, i=14172]
[52,35,55, i=14183]
[52,45,85, i=14199]
[52,65,36, i=14226]
[52,75,66, i=14239]
[52,85,76, i=14249]
[62,72,23, i=14290]
[62,72,93, i=14297]
[62,82,73, i=14331]
[62,92,83, i=14367]
[62,92,25, i=14379]
[62,13,44, i=14406]
[62,13,54, i=14407]
[62,13,76, i=14427]
[62,23,34, i=14438]
[62,23,75, i=14451]
[62,33,36, i=14488]
[62,53,44, i=14532]
[62,53,64, i=14534]
[62,53,84, i=14536]
[62,53,45, i=14541]
[62,53,75, i=14544]
[62,53,85, i=14545]
[62,53,36, i=14549]
[62,53,66, i=14552]
[62,63,54, i=14562]
[62,63,46, i=14579]
[62,73,83, i=14584]
[62,73,84, i=14593]
[62,83,94, i=14621]
[62,93,74, i=14645]
[62,93,84, i=14646]
[62,93,65, i=14653]
[62,93,36, i=14659]
[62,93,46, i=14660]
[62,93,56, i=14661]
[62,93,66, i=14662]
[62,14,45, i=14676]
[62,14,75, i=14679]
[62,24,15, i=14697]
[62,34,85, i=14727]
[62,44,45, i=14745]
[62,64,55, i=14787]
[62,74,45, i=14805]
[62,74,85, i=14809]
[62,94,85, i=14844]
[62,94,36, i=14848]
[62,15,85, i=14860]
[62,15,26, i=14863]
[62,15,56, i=14866]
[62,35,36, i=14893]
[62,45,56, i=14908]
[62,85,76, i=14952]
[62,36,76, i=14978]
[62,56,76, i=14985]
[72,82,93, i=14999]
[72,92,83, i=15033]
[72,13,24, i=15070]
[72,13,54, i=15073]
[72,13,94, i=15077]
[72,23,44, i=15105]
[72,23,55, i=15115]
[72,23,76, i=15126]
[72,43,36, i=15185]
[72,53,93, i=15194]
[72,63,34, i=15226]
[72,63,74, i=15230]
[72,63,94, i=15232]
[72,63,85, i=15240]
[72,63,66, i=15247]
[72,73,84, i=15259]
[72,73,15, i=15261]
[72,73,66, i=15275]
[72,83,93, i=15278]
[72,83,94, i=15287]
[72,93,74, i=15311]
[72,93,84, i=15312]
[72,93,35, i=15316]
[72,93,45, i=15317]
[72,93,65, i=15319]
[72,93,26, i=15324]
[72,93,66, i=15328]
[72,14,34, i=15332]
[72,24,15, i=15363]
[72,24,46, i=15375]
[72,44,36, i=15419]
[72,54,15, i=15429]
[72,54,36, i=15440]
[72,74,46, i=15480]
[72,84,75, i=15492]
[72,94,85, i=15510]
[72,94,76, i=15518]
[72,15,26, i=15529]
[72,25,85, i=15541]
[72,35,85, i=15555]
[72,35,36, i=15559]
[72,45,36, i=15572]
[72,75,66, i=15608]
[72,85,76, i=15618]
[82,13,73, i=15696]
[82,23,93, i=15731]
[82,53,74, i=15831]
[82,53,85, i=15841]
[82,63,93, i=15853]
[82,63,76, i=15878]
[82,73,14, i=15882]
[82,73,34, i=15884]
[82,73,64, i=15887]
[82,73,94, i=15890]
[82,73,15, i=15891]
[82,73,55, i=15895]
[82,73,85, i=15898]
[82,73,56, i=15904]
[82,93,14, i=15935]
[82,93,54, i=15939]
[82,93,64, i=15940]
[82,93,74, i=15941]
[82,93,84, i=15942]
[82,93,15, i=15944]
[82,93,45, i=15947]
[82,93,75, i=15950]
[82,93,56, i=15957]
[82,93,66, i=15958]
[82,24,44, i=15987]
[82,24,15, i=15993]
[82,24,46, i=16005]
[82,44,35, i=16040]
[82,74,85, i=16105]
[82,94,85, i=16140]
[82,94,56, i=16146]
[82,15,26, i=16159]
[82,35,26, i=16188]
[82,45,56, i=16204]
[82,55,46, i=16215]
[82,85,76, i=16248]
[92,13,33, i=16287]
[92,13,74, i=16300]
[92,23,14, i=16327]
[92,23,44, i=16330]
[92,23,64, i=16332]
[92,23,46, i=16348]
[92,33,83, i=16357]
[92,33,44, i=16362]
[92,33,74, i=16365]
[92,33,15, i=16368]
[92,33,85, i=16375]
[92,33,46, i=16380]
[92,33,56, i=16381]
[92,43,63, i=16386]
[92,53,83, i=16418]
[92,53,34, i=16422]
[92,63,85, i=16465]
[92,73,56, i=16499]
[92,83,74, i=16510]
[92,83,94, i=16512]
[92,83,35, i=16515]
[92,83,55, i=16517]
[92,83,65, i=16518]
[92,83,75, i=16519]
[92,83,85, i=16520]
[92,83,26, i=16523]
[92,83,36, i=16524]
[92,83,46, i=16525]
[92,83,56, i=16526]
[92,83,66, i=16527]
[92,93,75, i=16545]
[92,14,74, i=16561]
[92,14,94, i=16563]
[92,14,36, i=16575]
[92,14,76, i=16579]
[92,24,74, i=16585]
[92,24,25, i=16589]
[92,24,45, i=16591]
[92,34,74, i=16608]
[92,34,25, i=16612]
[92,34,46, i=16623]
[92,44,64, i=16629]
[92,44,74, i=16630]
[92,44,75, i=16639]
[92,44,85, i=16640]
[92,44,36, i=16644]
[92,54,75, i=16660]
[92,54,56, i=16667]
[92,74,15, i=16693]
[92,74,35, i=16695]
[92,74,45, i=16696]
[92,74,55, i=16697]
[92,74,85, i=16700]
[92,74,36, i=16704]
[92,74,46, i=16705]
[92,74,56, i=16706]
[92,74,66, i=16707]
[92,84,15, i=16711]
[92,94,85, i=16735]
[92,94,56, i=16741]
[92,94,76, i=16743]
[92,15,85, i=16751]
[92,15,26, i=16754]
[92,15,56, i=16757]
[92,25,85, i=16766]
[92,35,46, i=16785]
[92,45,46, i=16798]
[92,45,56, i=16799]
[92,55,85, i=16805]
[92,55,26, i=16808]
[92,55,46, i=16810]
[92,65,85, i=16816]
[92,75,56, i=16832]
[92,85,26, i=16838]
[92,85,46, i=16840]
[92,85,76, i=16843]
[92,16,56, i=16856]
[92,26,56, i=16862]
[92,56,76, i=16876]
[13,23,33, i=16881]
[13,23,43, i=16882]
[13,23,53, i=16883]
[13,23,14, i=16888]
[13,23,34, i=16890]
[13,23,84, i=16895]
[13,23,94, i=16896]
[13,23,15, i=16897]
[13,23,85, i=16904]
[13,23,56, i=16910]
[13,23,66, i=16911]
[13,33,53, i=16915]
[13,43,53, i=16946]
[13,43,24, i=16952]
[13,43,34, i=16953]
[13,53,73, i=16978]
[13,53,93, i=16980]
[13,53,56, i=17003]
[13,63,93, i=17009]
[13,63,24, i=17011]
[13,63,36, i=17030]
[13,63,46, i=17031]
[13,73,35, i=17049]
[13,73,36, i=17058]
[13,83,24, i=17066]
[13,93,24, i=17092]
[13,93,54, i=17095]
[13,93,74, i=17097]
[13,93,84, i=17098]
[13,93,45, i=17103]
[13,93,65, i=17105]
[13,93,75, i=17106]
[13,93,46, i=17112]
[13,93,66, i=17114]
[13,24,74, i=17146]
[13,24,15, i=17149]
[13,24,35, i=17151]
[13,24,45, i=17152]
[13,24,36, i=17160]
[13,24,56, i=17162]
[13,34,64, i=17168]
[13,34,86, i=17188]
[13,44,36, i=17205]
[13,54,36, i=17226]
[13,54,46, i=17227]
[13,64,15, i=17235]
[13,74,85, i=17261]
[13,74,36, i=17265]
[13,84,35, i=17274]
[13,84,55, i=17276]
[13,84,36, i=17283]
[13,94,35, i=17291]
[13,94,85, i=17296]
[13,15,65, i=17310]
[13,15,26, i=17315]
[13,35,85, i=17341]
[13,35,26, i=17344]
[13,35,36, i=17345]
[13,45,36, i=17358]
[13,45,56, i=17360]
[13,65,46, i=17382]
[13,65,56, i=17383]
[13,65,66, i=17384]
[13,75,46, i=17392]
[13,85,36, i=17400]
[13,85,46, i=17401]
[13,85,76, i=17404]
[23,33,76, i=17472]
[23,43,14, i=17479]
[23,43,74, i=17485]
[23,43,15, i=17488]
[23,43,45, i=17491]
[23,53,73, i=17506]
[23,53,44, i=17512]
[23,63,34, i=17540]
[23,63,74, i=17544]
[23,63,15, i=17547]
[23,63,85, i=17554]
[23,73,93, i=17565]
[23,73,74, i=17572]
[23,73,55, i=17579]
[23,93,74, i=17625]
[23,93,84, i=17626]
[23,93,15, i=17628]
[23,93,65, i=17633]
[23,93,36, i=17639]
[23,93,66, i=17642]
[23,14,64, i=17649]
[23,14,94, i=17652]
[23,14,36, i=17664]
[23,14,66, i=17667]
[23,14,76, i=17668]
[23,24,15, i=17677]
[23,34,64, i=17696]
[23,34,74, i=17697]
[23,34,15, i=17700]
[23,34,25, i=17701]
[23,34,45, i=17703]
[23,44,54, i=17717]
[23,44,35, i=17724]
[23,44,36, i=17733]
[23,54,85, i=17750]
[23,64,75, i=17769]
[23,74,15, i=17782]
[23,84,55, i=17804]
[23,84,75, i=17806]
[23,94,85, i=17824]
[23,15,26, i=17843]
[23,15,36, i=17844]
[23,45,85, i=17882]
[23,65,85, i=17905]
[23,75,66, i=17922]
[23,85,76, i=17932]
[23,26,66, i=17952]
[33,53,15, i=18014]
[33,63,64, i=18039]
[33,63,94, i=18042]
[33,83,15, i=18098]
[33,93,24, i=18116]
[33,93,34, i=18117]
[33,93,64, i=18120]
[33,93,74, i=18121]
[33,93,84, i=18122]
[33,93,15, i=18124]
[33,93,65, i=18129]
[33,93,75, i=18130]
[33,93,66, i=18138]
[33,14,25, i=18150]
[33,14,65, i=18154]
[33,14,36, i=18160]
[33,24,15, i=18173]
[33,24,35, i=18175]
[33,24,85, i=18180]
[33,24,36, i=18184]
[33,24,46, i=18185]
[33,54,15, i=18239]
[33,64,55, i=18263]
[33,74,45, i=18281]
[33,74,85, i=18285]
[33,74,76, i=18293]
[33,94,15, i=18313]
[33,94,85, i=18320]
[33,94,46, i=18325]
[33,15,26, i=18339]
[33,15,46, i=18341]
[33,15,56, i=18342]
[33,35,36, i=18369]
[33,45,36, i=18382]
[33,75,66, i=18418]
[33,85,76, i=18428]
[33,36,56, i=18452]
[33,36,76, i=18454]
[43,53,74, i=18476]
[43,53,45, i=18482]
[43,63,85, i=18515]
[43,73,93, i=18526]
[43,73,14, i=18527]
[43,73,44, i=18530]
[43,73,64, i=18532]
[43,73,25, i=18537]
[43,93,14, i=18580]
[43,93,74, i=18586]
[43,93,84, i=18587]
[43,93,65, i=18594]
[43,93,36, i=18600]
[43,93,56, i=18602]
[43,93,66, i=18603]
[43,14,74, i=18611]
[43,14,25, i=18615]
[43,14,65, i=18619]
[43,14,36, i=18625]
[43,24,15, i=18638]
[43,34,25, i=18662]
[43,34,35, i=18663]
[43,34,45, i=18664]
[43,34,85, i=18668]
[43,34,26, i=18671]
[43,54,15, i=18704]
[43,54,35, i=18706]
[43,54,65, i=18709]
[43,64,85, i=18731]
[43,64,36, i=18735]
[43,74,84, i=18741]
[43,74,65, i=18748]
[43,74,16, i=18752]
[43,74,46, i=18755]
[43,74,76, i=18758]
[43,84,56, i=18774]
[43,94,85, i=18785]
[43,15,26, i=18804]
[43,45,56, i=18849]
[43,65,85, i=18866]
[43,75,66, i=18883]
[43,85,56, i=18891]
[43,85,76, i=18893]
[53,63,14, i=18934]
[53,63,44, i=18937]
[53,63,74, i=18940]
[53,73,46, i=18983]
[53,83,94, i=18997]
[53,93,74, i=19021]
[53,93,15, i=19024]
[53,93,65, i=19029]
[53,93,66, i=19038]
[53,14,25, i=19050]
[53,24,35, i=19075]
[53,34,74, i=19093]
[53,34,45, i=19099]
[53,34,85, i=19103]
[53,44,64, i=19114]
[53,44,35, i=19120]
[53,44,85, i=19125]
[53,64,15, i=19159]
[53,64,55, i=19163]
[53,64,75, i=19165]
[53,64,85, i=19166]
[53,74,85, i=19185]
[53,94,35, i=19215]
[53,94,85, i=19220]
[53,94,46, i=19225]
[53,94,76, i=19228]
[53,15,26, i=19239]
[53,45,56, i=19284]
[53,75,66, i=19318]
[53,85,46, i=19325]
[53,85,76, i=19328]
[63,73,84, i=19375]
[63,73,35, i=19379]
[63,83,94, i=19403]
[63,93,24, i=19422]
[63,93,74, i=19427]
[63,93,84, i=19428]
[63,93,15, i=19430]
[63,93,45, i=19433]
[63,93,65, i=19435]
[63,93,85, i=19437]
[63,93,66, i=19444]
[63,14,34, i=19448]
[63,14,36, i=19466]
[63,24,15, i=19479]
[63,34,74, i=19499]
[63,34,85, i=19509]
[63,44,35, i=19526]
[63,54,84, i=19543]
[63,54,15, i=19545]
[63,54,45, i=19548]
[63,54,65, i=19550]
[63,74,84, i=19582]
[63,74,35, i=19586]
[63,74,45, i=19587]
[63,74,65, i=19589]
[63,74,85, i=19591]
[63,94,85, i=19626]
[63,15,85, i=19642]
[63,15,26, i=19645]
[63,15,66, i=19649]
[63,25,26, i=19660]
[63,25,36, i=19661]
[63,35,76, i=19679]
[63,45,85, i=19684]
[63,65,56, i=19713]
[63,75,85, i=19717]
[63,75,66, i=19724]
[63,85,36, i=19730]
[63,85,76, i=19734]
[73,83,93, i=19772]
[73,93,34, i=19801]
[73,93,64, i=19804]
[73,93,74, i=19805]
[73,93,84, i=19806]
[73,93,15, i=19808]
[73,93,55, i=19812]
[73,93,85, i=19815]
[73,93,46, i=19820]
[73,93,66, i=19822]
[73,14,34, i=19826]
[73,14,64, i=19829]
[73,14,84, i=19831]
[73,34,45, i=19883]
[73,44,15, i=19902]
[73,44,55, i=19906]
[73,54,64, i=19919]
[73,54,65, i=19928]
[73,54,76, i=19938]
[73,64,84, i=19941]
[73,64,75, i=19949]
[73,64,26, i=19953]
[73,64,46, i=19955]
[73,74,35, i=19964]
[73,74,55, i=19966]
[73,74,46, i=19974]
[73,84,15, i=19980]
[73,84,45, i=19983]
[73,84,95, i=19988]
[73,84,56, i=19993]
[73,94,85, i=20004]
[73,94,56, i=20010]
[73,15,26, i=20023]
[73,35,26, i=20052]
[73,65,66, i=20092]
[73,85,46, i=20109]
[73,85,76, i=20112]
[73,36,56, i=20136]
[83,93,14, i=20150]
[83,93,44, i=20153]
[83,93,54, i=20154]
[83,93,64, i=20155]
[83,93,26, i=20169]
[83,93,36, i=20170]
[83,93,56, i=20172]
[83,14,54, i=20179]
[83,14,74, i=20181]
[83,14,36, i=20195]
[83,54,74, i=20271]
[83,74,85, i=20320]
[83,74,56, i=20326]
[83,84,94, i=20330]
[83,94,35, i=20350]
[83,94,85, i=20355]
[83,94,36, i=20359]
[83,94,76, i=20363]
[83,15,26, i=20374]
[83,45,36, i=20417]
[83,85,66, i=20462]
[83,85,76, i=20463]
[93,14,64, i=20505]
[93,14,74, i=20506]
[93,14,84, i=20507]
[93,14,65, i=20514]
[93,14,75, i=20515]
[93,14,66, i=20523]
[93,24,44, i=20527]
[93,24,54, i=20528]
[93,24,64, i=20529]
[93,24,74, i=20530]
[93,24,84, i=20531]
[93,24,15, i=20533]
[93,24,35, i=20535]
[93,24,45, i=20536]
[93,24,65, i=20538]
[93,24,75, i=20539]
[93,24,36, i=20544]
[93,24,56, i=20546]
[93,24,66, i=20547]
[93,34,44, i=20550]
[93,34,74, i=20553]
[93,34,84, i=20554]
[93,34,15, i=20556]
[93,34,25, i=20557]
[93,34,45, i=20559]
[93,34,26, i=20566]
[93,34,56, i=20569]
[93,34,66, i=20570]
[93,44,74, i=20575]
[93,44,84, i=20576]
[93,44,55, i=20582]
[93,44,65, i=20583]
[93,44,75, i=20584]
[93,44,66, i=20592]
[93,44,76, i=20593]
[93,54,74, i=20596]
[93,54,84, i=20597]
[93,54,15, i=20599]
[93,54,45, i=20602]
[93,54,65, i=20604]
[93,54,36, i=20610]
[93,54,66, i=20613]
[93,64,74, i=20616]
[93,64,84, i=20617]
[93,64,35, i=20621]
[93,64,55, i=20623]
[93,64,46, i=20631]
[93,74,84, i=20636]
[93,74,15, i=20638]
[93,74,25, i=20639]
[93,74,35, i=20640]
[93,74,65, i=20643]
[93,74,75, i=20644]
[93,74,85, i=20645]
[93,74,16, i=20647]
[93,74,26, i=20648]
[93,74,36, i=20649]
[93,74,46, i=20650]
[93,74,56, i=20651]
[93,74,76, i=20653]
[93,84,15, i=20656]
[93,84,25, i=20657]
[93,84,35, i=20658]
[93,84,45, i=20659]
[93,84,65, i=20661]
[93,84,75, i=20662]
[93,84,85, i=20663]
[93,84,95, i=20664]
[93,84,16, i=20665]
[93,84,26, i=20666]
[93,84,36, i=20667]
[93,84,46, i=20668]
[93,84,56, i=20669]
[93,84,66, i=20670]
[93,84,76, i=20671]
[93,94,85, i=20680]
[93,15,35, i=20691]
[93,15,45, i=20692]
[93,15,65, i=20694]
[93,15,75, i=20695]
[93,15,26, i=20699]
[93,25,75, i=20710]
[93,35,26, i=20728]
[93,35,36, i=20729]
[93,35,66, i=20732]
[93,45,65, i=20736]
[93,45,36, i=20742]
[93,55,66, i=20757]
[93,65,56, i=20767]
[93,65,66, i=20768]
[93,75,26, i=20774]
[93,75,56, i=20777]
[93,75,66, i=20778]
[93,75,86, i=20780]
[93,85,56, i=20786]
[93,85,76, i=20788]
[93,16,66, i=20802]
[93,36,56, i=20812]
[93,36,66, i=20813]
[93,56,66, i=20820]
[93,56,76, i=20821]
[14,24,94, i=20832]
[14,24,25, i=20834]
[14,24,35, i=20835]
[14,24,36, i=20844]
[14,34,55, i=20860]
[14,34,85, i=20863]
[14,44,25, i=20879]
[14,44,35, i=20880]
[14,44,85, i=20885]
[14,54,75, i=20905]
[14,54,36, i=20910]
[14,84,25, i=20957]
[14,94,25, i=20974]
[14,94,85, i=20980]
[14,94,36, i=20984]
[14,15,26, i=20999]
[14,25,35, i=21006]
[14,25,45, i=21007]
[14,25,16, i=21013]
[14,25,26, i=21014]
[14,25,36, i=21015]
[14,25,56, i=21017]
[14,35,36, i=21029]
[14,45,36, i=21042]
[14,45,56, i=21044]
[14,65,66, i=21068]
[14,85,36, i=21084]
[14,85,76, i=21088]
[14,36,56, i=21112]
[14,36,66, i=21113]
[14,36,76, i=21114]
[14,46,56, i=21116]
[24,34,15, i=21132]
[24,44,74, i=21151]
[24,54,15, i=21175]
[24,54,35, i=21177]
[24,54,75, i=21181]
[24,54,36, i=21186]
[24,64,15, i=21195]
[24,64,55, i=21199]
[24,64,46, i=21207]
[24,74,84, i=21212]
[24,74,15, i=21214]
[24,74,46, i=21226]
[24,84,15, i=21232]
[24,84,36, i=21243]
[24,94,85, i=21256]
[24,94,56, i=21262]
[24,15,35, i=21267]
[24,15,45, i=21268]
[24,15,55, i=21269]
[24,15,75, i=21271]
[24,15,85, i=21272]
[24,15,95, i=21273]
[24,15,26, i=21275]
[24,15,36, i=21276]
[24,15,46, i=21277]
[24,15,56, i=21278]
[24,15,76, i=21280]
[24,15,86, i=21281]
[24,35,65, i=21299]
[24,35,75, i=21300]
[24,35,85, i=21301]
[24,35,36, i=21305]
[24,45,36, i=21318]
[24,55,46, i=21331]
[24,65,36, i=21341]
[24,65,76, i=21345]
[24,85,36, i=21360]
[24,85,76, i=21364]
[24,36,76, i=21390]
[24,46,56, i=21392]
[34,44,15, i=21407]
[34,44,25, i=21408]
[34,54,74, i=21425]
[34,54,15, i=21428]
[34,54,56, i=21441]
[34,64,15, i=21448]
[34,64,46, i=21460]
[34,74,84, i=21465]
[34,74,85, i=21474]
[34,74,46, i=21479]
[34,74,66, i=21481]
[34,84,45, i=21488]
[34,84,26, i=21495]
[34,84,66, i=21499]
[34,94,85, i=21509]
[34,15,45, i=21521]
[34,15,85, i=21525]
[34,15,26, i=21528]
[34,15,46, i=21530]
[34,15,76, i=21533]
[34,25,45, i=21536]
[34,25,85, i=21540]
[34,35,26, i=21557]
[34,35,36, i=21558]
[34,65,56, i=21596]
[34,65,66, i=21597]
[34,75,36, i=21604]
[34,75,66, i=21607]
[34,85,26, i=21612]
[34,85,76, i=21617]
[44,64,35, i=21681]
[44,64,55, i=21683]
[44,74,35, i=21700]
[44,74,26, i=21708]
[44,74,36, i=21709]
[44,74,66, i=21712]
[44,84,35, i=21718]
[44,84,56, i=21729]
[44,84,66, i=21730]
[44,94,85, i=21740]
[44,94,26, i=21743]
[44,15,85, i=21756]
[44,15,26, i=21759]
[44,35,55, i=21782]
[44,35,85, i=21785]
[44,35,66, i=21792]
[44,45,85, i=21798]
[44,45,36, i=21802]
[44,45,56, i=21804]
[44,45,66, i=21805]
[44,55,46, i=21815]
[44,55,66, i=21817]
[44,85,46, i=21845]
[44,85,76, i=21848]
[44,26,66, i=21868]
[44,36,66, i=21873]
[44,36,76, i=21874]
[44,46,66, i=21877]
[54,74,85, i=21915]
[54,94,45, i=21946]
[54,94,85, i=21950]
[54,94,46, i=21955]
[54,15,45, i=21962]
[54,15,65, i=21964]
[54,15,26, i=21969]
[54,35,36, i=21999]
[54,45,36, i=22012]
[54,45,46, i=22013]
[54,45,56, i=22014]
[54,55,46, i=22025]
[54,65,85, i=22031]
[54,65,56, i=22037]
[54,65,66, i=22038]
[54,75,66, i=22048]
[54,85,76, i=22058]
[54,16,66, i=22072]
[54,36,76, i=22084]
[64,84,55, i=22120]
[64,94,85, i=22140]
[64,94,46, i=22145]
[64,15,85, i=22156]
[64,15,26, i=22159]
[64,15,56, i=22162]
[64,35,66, i=22192]
[64,55,26, i=22213]
[64,55,46, i=22215]
[64,65,66, i=22228]
[64,75,66, i=22238]
[64,75,86, i=22240]
[64,85,76, i=22248]
[74,84,94, i=22286]
[74,84,65, i=22292]
[74,94,85, i=22311]
[74,94,76, i=22319]
[74,15,26, i=22330]
[74,15,76, i=22335]
[74,25,36, i=22346]
[74,35,26, i=22359]
[74,35,36, i=22360]
[74,45,36, i=22373]
[74,45,56, i=22375]
[74,65,85, i=22392]
[74,65,56, i=22398]
[74,65,66, i=22399]
[74,65,76, i=22400]
[74,75,85, i=22402]
[74,85,56, i=22417]
[74,85,66, i=22418]
[74,85,76, i=22419]
[74,56,76, i=22452]
[84,94,75, i=22463]
[84,94,85, i=22464]
[84,94,66, i=22471]
[84,15,26, i=22483]
[84,55,66, i=22541]
[84,75,36, i=22559]
[84,75,66, i=22562]
[84,85,76, i=22572]
[84,36,66, i=22597]
[84,46,66, i=22601]
[84,56,66, i=22604]
[94,15,85, i=22616]
[94,15,26, i=22619]
[94,15,76, i=22624]
[94,25,85, i=22631]
[94,35,85, i=22645]
[94,45,85, i=22658]
[94,45,36, i=22662]
[94,55,85, i=22670]
[94,55,46, i=22675]
[94,65,85, i=22681]
[94,75,85, i=22691]
[94,85,16, i=22702]
[94,85,26, i=22703]
[94,85,36, i=22704]
[94,85,46, i=22705]
[94,85,56, i=22706]
[94,85,66, i=22707]
[94,85,76, i=22708]
[94,85,86, i=22709]
[15,25,26, i=22754]
[15,25,36, i=22755]
[15,25,46, i=22756]
[15,35,26, i=22768]
[15,35,36, i=22769]
[15,35,46, i=22770]
[15,45,26, i=22781]
[15,45,56, i=22784]
[15,55,26, i=22793]
[15,55,66, i=22797]
[15,65,85, i=22801]
[15,65,26, i=22804]
[15,75,26, i=22814]
[15,75,56, i=22817]
[15,85,26, i=22823]
[15,85,76, i=22828]
[15,95,26, i=22831]
[15,26,36, i=22845]
[15,26,46, i=22846]
[15,26,56, i=22847]
[15,26,66, i=22848]
[15,26,76, i=22849]
[15,26,86, i=22850]
[15,36,66, i=22853]
[15,36,76, i=22854]
[25,55,46, i=22900]
[25,65,85, i=22906]
[25,75,16, i=22918]
[25,75,66, i=22923]
[25,85,76, i=22933]
[25,16,36, i=22944]
[35,45,36, i=22978]
[35,45,56, i=22980]
[35,55,16, i=22988]
[35,55,26, i=22989]
[35,55,36, i=22990]
[35,55,46, i=22991]
[35,75,66, i=23014]
[35,85,36, i=23020]
[35,85,76, i=23024]
[35,26,46, i=23042]
[35,26,76, i=23045]
[35,36,56, i=23048]
[35,36,76, i=23050]
[45,55,36, i=23068]
[45,65,56, i=23081]
[45,75,36, i=23089]
[45,85,36, i=23098]
[45,85,56, i=23100]
[45,85,66, i=23101]
[45,85,76, i=23102]
[45,36,56, i=23126]
[45,36,66, i=23127]
[45,36,76, i=23128]
[45,56,66, i=23134]
[55,75,85, i=23151]
[55,75,66, i=23158]
[55,85,66, i=23167]
[55,85,76, i=23168]
[55,16,46, i=23180]
[55,16,66, i=23182]
[55,26,46, i=23186]
[55,46,66, i=23197]
[65,75,85, i=23206]
[65,85,56, i=23221]
[65,85,76, i=23223]
[65,36,56, i=23247]
[65,56,76, i=23256]
[75,85,36, i=23264]
[75,85,46, i=23265]
[75,85,66, i=23267]
[75,85,76, i=23268]
[75,95,66, i=23275]
[75,36,66, i=23293]
[75,46,66, i=23297]
[75,66,86, i=23304]
[85,95,76, i=23312]
[85,16,76, i=23319]
[85,26,76, i=23325]
[85,36,46, i=23327]
[85,36,66, i=23329]
[85,36,76, i=23330]
[85,46,76, i=23334]
[85,56,76, i=23337]
[85,66,76, i=23339]

